predicted_phred,program,nfrags,fraglen,qual_shift,observed_phred,n_matches,n_mismatches,n_total,observed_phred_unrounded
2,leeHom,10000000,120,0,100,1,0,1,100.0
3,leeHom,10000000,120,0,3,140152,137131,277283,3.057876011201264
4,leeHom,10000000,120,0,4,75088,54729,129817,3.7511405575068824
5,leeHom,10000000,120,0,5,59350,26432,85782,5.1126614191954145
6,leeHom,10000000,120,0,6,27324,8740,36064,6.155624617316095
7,leeHom,10000000,120,0,7,9087,2307,11394,6.936286205995677
8,leeHom,10000000,120,0,8,21079,4123,25202,7.8622167242851155
9,leeHom,10000000,120,0,9,10933,1751,12684,8.599700872716049
10,leeHom,10000000,120,0,10,68804,7599,76403,10.023539671789115
11,leeHom,10000000,120,0,11,43632,3375,47007,11.43888758109275
12,leeHom,10000000,120,0,12,33251,2077,35328,12.30682555177987
13,leeHom,10000000,120,0,13,64865,3293,68158,13.159251074770847
14,leeHom,10000000,120,0,14,35049,1413,36462,14.116983248824015
15,leeHom,10000000,120,0,15,44741,1387,46128,15.218881639708478
16,leeHom,10000000,120,0,16,20054,482,20536,16.294688174245373
17,leeHom,10000000,120,0,17,39138,808,39946,16.940619368954234
18,leeHom,10000000,120,0,18,68982,1084,70066,18.104780425480424
19,leeHom,10000000,120,0,19,115346,1436,116782,19.10221468768244
20,leeHom,10000000,120,0,20,150407,1534,151941,19.958496207747245
21,leeHom,10000000,120,0,21,144503,1171,145674,20.948251504234953
22,leeHom,10000000,120,0,22,889807,5472,895279,22.138123089260734
23,leeHom,10000000,120,0,23,838525,4139,842664,23.08759014138124
24,leeHom,10000000,120,0,24,632598,2530,635128,23.997407381188278
25,leeHom,10000000,120,0,25,272906,884,273790,24.90965316753745
26,leeHom,10000000,120,0,100,725,0,725,100.0
27,leeHom,10000000,120,0,30,954,1,955,29.800033715837465
28,leeHom,10000000,120,0,30,1037,1,1038,30.16197353512439
29,leeHom,10000000,120,0,100,491,0,491,100.0
30,leeHom,10000000,120,0,31,1405,1,1406,31.47985320683805
31,leeHom,10000000,120,0,33,48389,27,48416,32.53625142184105
32,leeHom,10000000,120,0,33,130439,63,130502,33.16276618023845
33,leeHom,10000000,120,0,34,410554,181,410735,33.55883137137659
34,leeHom,10000000,120,0,34,502630,188,502818,34.27252967007101
35,leeHom,10000000,120,0,35,44764,15,44779,34.74983131676139
36,leeHom,10000000,120,0,35,673991,211,674202,35.045075812107186
37,leeHom,10000000,120,0,37,440948,88,441036,36.99991368481471
38,leeHom,10000000,120,0,39,53306,6,53312,39.48673725007031
39,leeHom,10000000,120,0,100,2497,0,2497,100.0
40,leeHom,10000000,120,0,40,58543,6,58549,39.89368231463838
41,leeHom,10000000,120,0,39,16030,2,16032,39.039577085231706
42,leeHom,10000000,120,0,42,79334,5,79339,42.00516717927411
43,leeHom,10000000,120,0,46,124701,3,124704,46.18759129392934
44,leeHom,10000000,120,0,44,360908,16,360924,43.53295779206885
45,leeHom,10000000,120,0,43,391975,19,391994,43.14525818652236
46,leeHom,10000000,120,0,47,543341,12,543353,46.55900823213792
47,leeHom,10000000,120,0,46,473196,13,473209,45.61109643609257
48,leeHom,10000000,120,0,48,657595,11,657606,47.76573081896585
49,leeHom,10000000,120,0,50,638536,7,638543,49.60092108310196
50,leeHom,10000000,120,0,49,793510,10,793520,48.995578772536604
51,leeHom,10000000,120,0,53,1083606,5,1083611,53.35903400676877
52,leeHom,10000000,120,0,50,2352079,21,2352100,50.492364871790976
53,leeHom,10000000,120,0,52,2356334,14,2356348,52.26111394460135
54,leeHom,10000000,120,0,54,3007615,13,3007628,53.64280767000395
55,leeHom,10000000,120,0,57,2277378,5,2277383,56.584660701083145
56,leeHom,10000000,120,0,55,7703798,22,7703820,55.442834461083955
57,leeHom,10000000,120,0,57,17632695,35,17632730,57.02251513107772
58,leeHom,10000000,120,0,58,26471597,45,26471642,57.69568367058387
59,leeHom,10000000,120,0,58,32450981,46,32451027,58.48470614088868
60,leeHom,10000000,120,0,75,1094133352,35,1094133387,74.95002226190834
2,leeHom,10000000,120,-10,2,53052,72089,125141,2.3953061995217
3,leeHom,10000000,120,-10,3,1424487,1433962,2858449,2.9959280532681243
4,leeHom,10000000,120,-10,4,558188,390728,948916,3.8535323512402417
5,leeHom,10000000,120,-10,5,503036,215890,718926,5.224516638507839
6,leeHom,10000000,120,-10,6,267573,85367,352940,6.164108618088296
7,leeHom,10000000,120,-10,7,106139,26275,132414,7.023911803528927
8,leeHom,10000000,120,-10,8,208491,41496,249987,7.799111897862636
9,leeHom,10000000,120,-10,9,157217,24221,181438,8.745361803191186
10,leeHom,10000000,120,-10,10,746730,84067,830797,9.948693700945817
11,leeHom,10000000,120,-10,11,391249,32472,423721,11.155709502565799
12,leeHom,10000000,120,-10,12,571133,39512,610645,11.890597922653773
13,leeHom,10000000,120,-10,13,922403,47843,970246,13.070634566525229
14,leeHom,10000000,120,-10,14,621879,25617,647496,14.027088215684921
15,leeHom,10000000,120,-10,15,500620,16136,516756,15.054896426718082
16,leeHom,10000000,120,-10,16,172321,4491,176812,15.95168681615068
17,leeHom,10000000,120,-10,17,375687,7497,383184,17.08519855800526
18,leeHom,10000000,120,-10,18,401422,6247,407669,18.146361821045943
19,leeHom,10000000,120,-10,19,680039,8959,688998,18.85958424663359
20,leeHom,10000000,120,-10,20,1573886,16691,1590577,19.790723410549646
21,leeHom,10000000,120,-10,21,1515368,12410,1527778,20.902884703983283
22,leeHom,10000000,120,-10,22,9789667,57925,9847592,22.30464004384558
23,leeHom,10000000,120,-10,23,8543083,38538,8581621,23.476801579756454
24,leeHom,10000000,120,-10,24,701754,2922,704676,23.823092688601662
25,leeHom,10000000,120,-10,25,6621658,22873,6644531,24.63141201984214
26,leeHom,10000000,120,-10,26,3212775,8533,3221308,25.76930505515979
27,leeHom,10000000,120,-10,28,591998,1038,593036,27.56883704315218
28,leeHom,10000000,120,-10,28,786048,1288,787336,27.862442464696755
29,leeHom,10000000,120,-10,29,918420,1231,919651,28.733649944902176
30,leeHom,10000000,120,-10,30,882269,930,883199,29.775756201025565
31,leeHom,10000000,120,-10,31,1590176,1282,1591458,30.939071565056544
32,leeHom,10000000,120,-10,32,2115949,1236,2117185,32.33740337653386
33,leeHom,10000000,120,-10,33,4159718,2129,4161847,32.91110448969458
34,leeHom,10000000,120,-10,34,1179562,487,1180049,33.84371079979446
35,leeHom,10000000,120,-10,35,10870527,3765,10874292,34.60636010101207
36,leeHom,10000000,120,-10,36,18320978,4525,18325503,36.07437320488252
37,leeHom,10000000,120,-10,37,1583434,344,1583778,36.63135863386582
38,leeHom,10000000,120,-10,38,24877679,4385,24882064,37.539168051105925
39,leeHom,10000000,120,-10,39,687653,78,687731,39.45323998248175
40,leeHom,10000000,120,-10,39,1626899,195,1627094,39.213780322332525
41,leeHom,10000000,120,-10,42,763675,46,763721,42.20176900859914
42,leeHom,10000000,120,-10,42,1186536,73,1186609,42.10984777860006
43,leeHom,10000000,120,-10,43,1815754,96,1815850,42.76808737322337
44,leeHom,10000000,120,-10,44,1312586,58,1312644,43.5471896421027
45,leeHom,10000000,120,-10,45,1532079,52,1532131,44.69292556221088
46,leeHom,10000000,120,-10,46,5531451,142,5531593,45.90561873989021
47,leeHom,10000000,120,-10,47,5941256,133,5941389,46.50036346862021
48,leeHom,10000000,120,-10,48,12641305,217,12641522,47.653396309529725
49,leeHom,10000000,120,-10,49,6826404,95,6826499,48.56474425654313
50,leeHom,10000000,120,-10,50,13426652,145,13426797,49.666044206250135
51,leeHom,10000000,120,-10,51,12417166,98,12417264,51.027998389404026
52,leeHom,10000000,120,-10,51,19917324,149,19917473,51.26047968698886
53,leeHom,10000000,120,-10,53,7246248,34,7246282,53.286363142103326
54,leeHom,10000000,120,-10,55,21835679,77,21835756,54.52677507537571
55,leeHom,10000000,120,-10,54,12501163,50,12501213,53.9798215056387
56,leeHom,10000000,120,-10,57,45816236,98,45816334,56.69794260420902
57,leeHom,10000000,120,-10,57,76679463,162,76679625,56.75164965761087
58,leeHom,10000000,120,-10,58,32956842,57,32956899,57.620714853821426
59,leeHom,10000000,120,-10,58,51727091,74,51727165,58.44486957042782
60,leeHom,10000000,120,-10,61,754356881,632,754357513,60.76860141758039
2,leeHom,10000000,120,-20,0,32112,1626928,1659040,0.08488523553983345
3,leeHom,10000000,120,-20,3,11398270,12170316,23568586,2.8703167300679784
4,leeHom,10000000,120,-20,4,3648219,2476100,6124319,3.932896237374278
5,leeHom,10000000,120,-20,5,4843726,2039625,6883351,5.282495893825553
6,leeHom,10000000,120,-20,6,2847045,849491,3696536,6.386361580198269
7,leeHom,10000000,120,-20,7,1329876,334032,1663908,6.973412359465407
8,leeHom,10000000,120,-20,8,2537787,438692,2976479,8.31543108143337
9,leeHom,10000000,120,-20,8,835213,159217,994430,7.9558478104999155
10,leeHom,10000000,120,-20,10,3524736,399791,3924527,9.919543081351502
11,leeHom,10000000,120,-20,10,2659118,267834,2926952,10.385498929761862
12,leeHom,10000000,120,-20,13,5697366,316471,6013837,12.788177333819968
13,leeHom,10000000,120,-20,14,6893712,267400,7161112,14.278190632318992
14,leeHom,10000000,120,-20,14,5469240,218486,5687726,14.155150527961759
15,leeHom,10000000,120,-20,15,4617301,160008,4777309,14.750416358539361
16,leeHom,10000000,120,-20,15,6363131,186012,6549143,15.466435110037573
17,leeHom,10000000,120,-20,20,80407798,888112,81295910,19.61600958568343
18,leeHom,10000000,120,-20,11,324268,29978,354246,10.72502299807163
19,leeHom,10000000,120,-20,13,689629,38113,727742,12.809043051088697
20,leeHom,10000000,120,-20,4,691187,433123,1124310,4.14274826894718
21,leeHom,10000000,120,-20,21,390502,3156,393658,20.959820871534
22,leeHom,10000000,120,-20,22,687799,4305,692104,22.06198203453839
23,leeHom,10000000,120,-20,23,2679022,14176,2693198,22.78714578740944
24,leeHom,10000000,120,-20,24,835019,3457,838476,23.84791256610508
25,leeHom,10000000,120,-20,25,3668196,12528,3680724,24.68051508274511
26,leeHom,10000000,120,-20,26,8937134,21970,8959104,26.10434521121807
27,leeHom,10000000,120,-20,27,4854578,8950,4863528,27.35128385195885
28,leeHom,10000000,120,-20,28,1815009,2983,1817992,27.849387144328517
29,leeHom,10000000,120,-20,29,10989343,14294,11003637,28.863824772079276
30,leeHom,10000000,120,-20,30,10565353,10403,10575756,30.071528238848394
31,leeHom,10000000,120,-20,31,17511998,13376,17525374,31.17341034697997
32,leeHom,10000000,120,-20,32,6629352,3921,6633273,32.283310292562334
33,leeHom,10000000,120,-20,33,20043591,9092,20052683,33.43513061331707
34,leeHom,10000000,120,-20,34,11674306,4179,11678485,34.463141361177584
35,leeHom,10000000,120,-20,35,38581711,11248,38592959,35.35432770406038
36,leeHom,10000000,120,-20,36,4515965,1273,4517238,35.50044569210976
37,leeHom,10000000,120,-20,36,72807925,16310,72824235,36.49821970130714
38,leeHom,10000000,120,-20,38,31537691,5593,31543284,37.51262086812172
39,leeHom,10000000,120,-20,39,49777399,6897,49784296,38.584321441581395
40,leeHom,10000000,120,-20,40,70888835,7640,70896475,39.67531283855526
41,leeHom,10000000,120,-20,41,661171285,56813,661228098,40.65903577329399
2,leeHom,10000000,120,-30,1,802757,4105125,4907882,0.7756772664454232
3,leeHom,10000000,120,-30,3,61146868,65909136,127056004,2.850495738194774
4,leeHom,10000000,120,-30,4,8324444,5721939,14046383,3.900212824638327
5,leeHom,10000000,120,-30,5,20918616,8783876,29702492,5.291066912695759
6,leeHom,10000000,120,-30,6,13044466,4299712,17344178,6.057143549878006
7,leeHom,10000000,120,-30,9,73228028,9939084,83167112,9.226052597046856
8,leeHom,10000000,120,-30,1,98051,265389,363440,1.3654980579927005
9,leeHom,10000000,120,-30,5,803113,406592,1209705,4.735206463756045
10,leeHom,10000000,120,-30,2,3612259,4670483,8282742,2.4881233804672744
11,leeHom,10000000,120,-30,11,441671,36875,478546,11.131916614776793
12,leeHom,10000000,120,-30,12,9979378,637219,10616597,12.216966153891587
13,leeHom,10000000,120,-30,13,1238227,66525,1304752,12.925430880165054
14,leeHom,10000000,120,-30,14,20730624,858275,21588899,14.0060403206573
15,leeHom,10000000,120,-30,15,9236914,268676,9505590,15.487502041730137
16,leeHom,10000000,120,-30,16,843455,23435,866890,15.680990353249298
17,leeHom,10000000,120,-30,17,17271831,362185,17634016,16.8742077059326
18,leeHom,10000000,120,-30,18,26179443,409490,26588933,18.12457609185331
19,leeHom,10000000,120,-30,19,255938456,3027863,258966319,19.321070626847114
