program,filename,nfrags,fraglen,total_sequences,total_reads,dropped_reads,avg_divergence_per_nt,edit_distances
ClipAndMerge,gen_n1000000_l1000_merged.fq,1000000,1000,999921,6056,993865,88.627,760:120 761:49 762:45 763:38 764:53 765:21 766:9 767:8 768:25 769:15 770:72 771:12 772:18 773:24 774:53 775:30 776:16 777:7 778:12 779:29 780:27 781:3 782:11 783:13 784:22 785:20 786:4 787:9 788:10 789:17 790:47 791:2 792:10 793:24 794:23 795:19 796:23 797:3 798:20 799:16 800:15 801:4 802:8 803:8 804:17 805:9 806:4 807:7 808:15 809:14 810:26 811:9 812:15 813:23 814:22 815:10 816:10 817:9 818:15 819:24 820:5 821:2 822:2 823:14 824:20 825:14 826:9 827:7 828:28 829:20 830:25 831:9 832:85 833:16 834:20 835:11 836:20 837:10 838:20 839:33 840:36 841:3 842:5 843:17 844:16 845:12 846:9 847:10 848:34 849:141 850:795 851:28 852:18 853:27 854:36 855:20 856:5 857:5 858:39 859:24 860:17 861:6 862:5 863:29 864:30 865:9 866:4 867:12 868:37 869:24 870:18 871:14 872:8 873:30 874:48 875:14 876:3 877:9 878:29 879:24 880:14 881:1 882:4 883:20 884:15 885:7 886:2 887:7 888:6 889:25 890:12 891:5 892:4 893:12 894:23 895:11 896:36 897:6 898:18 899:10 900:11 901:5 902:4 903:10 904:15 905:8 906:4 907:6 908:13 909:32 910:29 911:1 912:1 913:40 914:30 915:8 916:12 917:8 918:18 919:26 920:8 921:2 922:5 923:16 924:53 925:10 926:2 927:4 928:11 929:17 930:8 931:6 932:6 933:14 934:16 935:8 936:27 937:4 938:7 939:10 940:6 941:1 942:10 943:7 944:17 945:13 946:1 947:5 948:11 949:11 950:17 951:1 952:6 953:17 954:18 955:14 956:16 957:4 958:32 959:45 960:45 961:25 962:8 963:10 964:52 965:41 966:52 967:6 968:36 969:37 970:22 971:11 972:20 973:53 974:69 975:47 976:17 977:33 978:95 979:143 980:116 981:10 982:26 983:43 984:71 985:58 986:36 987:52 988:125 989:252 990:177
ClipAndMerge,gen_n1000000_l100_merged.fq,1000000,100,999928,1000000,-72,0.022,0:978016 1:21731 2:250 3:3
ClipAndMerge,gen_n1000000_l101_merged.fq,1000000,101,999921,1000000,-79,0.022,0:977829 1:21912 2:255 3:4
ClipAndMerge,gen_n1000000_l102_merged.fq,1000000,102,999926,999998,-72,0.022,0:977393 1:22360 2:243 3:2
ClipAndMerge,gen_n1000000_l103_merged.fq,1000000,103,999915,999999,-84,0.022,0:977234 1:22516 2:244 3:4 4:1
ClipAndMerge,gen_n1000000_l104_merged.fq,1000000,104,999911,999999,-88,0.022,0:977083 1:22631 2:279 3:6
ClipAndMerge,gen_n1000000_l105_merged.fq,1000000,105,999920,999999,-79,0.022,0:976858 1:22881 2:257 3:3
ClipAndMerge,gen_n1000000_l106_merged.fq,1000000,106,999938,999999,-61,0.022,0:976435 1:23282 2:279 3:3
ClipAndMerge,gen_n1000000_l107_merged.fq,1000000,107,999913,1000000,-87,0.023,0:976102 1:23619 2:275 3:4
ClipAndMerge,gen_n1000000_l108_merged.fq,1000000,108,999922,999998,-76,0.022,0:976157 1:23550 2:291
ClipAndMerge,gen_n1000000_l109_merged.fq,1000000,109,999923,1000000,-77,0.022,0:975915 1:23806 2:275 3:4
ClipAndMerge,gen_n1000000_l10_merged.fq,1000000,10,999901,973997,25904,0.0,0:973986 1:11
ClipAndMerge,gen_n1000000_l110_merged.fq,1000000,110,999916,999998,-82,0.023,0:975409 1:24288 2:294 3:7
ClipAndMerge,gen_n1000000_l111_merged.fq,1000000,111,999908,999995,-87,0.023,0:975270 1:24418 2:306 3:1
ClipAndMerge,gen_n1000000_l112_merged.fq,1000000,112,999924,999997,-73,0.023,0:975046 1:24638 2:309 3:4
ClipAndMerge,gen_n1000000_l113_merged.fq,1000000,113,999914,999987,-73,0.022,0:974974 1:24709 2:302 3:2
ClipAndMerge,gen_n1000000_l114_merged.fq,1000000,114,999932,999945,-13,0.023,0:974442 1:25190 2:309 3:2 5:1 64:1
ClipAndMerge,gen_n1000000_l115_merged.fq,1000000,115,999935,999838,97,0.023,0:973947 1:25545 2:333 3:3 4:1 64:9
ClipAndMerge,gen_n1000000_l116_merged.fq,1000000,116,999926,999552,374,0.023,0:973255 1:25969 2:317 3:1 4:1 64:7 68:1 95:1
ClipAndMerge,gen_n1000000_l117_merged.fq,1000000,117,999917,998368,1549,0.024,0:971020 1:26929 2:402 3:3 8:1 10:1 30:1 40:1 50:1 64:8 78:1
ClipAndMerge,gen_n1000000_l118_merged.fq,1000000,118,999936,995700,4236,0.027,0:966744 1:28378 2:528 3:12 4:3 6:1 19:1 24:1 28:1 32:1 38:2 40:1 41:1 48:1 50:3 55:3 60:1 61:1 64:5 65:1 66:1 69:1 72:1 76:1 84:1 90:2 93:1 95:1 97:1 100:1
ClipAndMerge,gen_n1000000_l119_merged.fq,1000000,119,999928,986371,13557,0.034,0:952668 1:32685 2:878 3:24 4:6 5:2 6:3 7:1 8:13 15:2 16:1 17:1 25:3 26:2 28:1 32:2 35:1 38:1 40:3 43:1 44:1 50:1 51:1 52:1 54:2 55:4 56:2 57:1 61:1 62:2 63:1 64:15 65:3 66:2 67:1 68:1 69:3 70:1 74:1 75:2 77:2 80:4 81:1 84:2 85:1 86:2 88:1 90:3 93:1 95:2 96:3 99:1 101:1 105:3
ClipAndMerge,gen_n1000000_l11_merged.fq,1000000,11,999928,971432,28496,0.0,0:971410 1:22
ClipAndMerge,gen_n1000000_l120_merged.fq,1000000,120,999913,973384,26529,0.051,0:934120 1:37656 2:1258 3:41 4:8 5:5 6:2 7:1 8:12 9:3 15:4 16:1 18:1 19:1 20:2 22:1 23:1 25:4 26:6 27:1 28:1 29:2 30:3 31:1 32:2 33:2 35:11 36:3 37:2 40:7 42:3 44:1 45:4 47:1 48:3 50:7 51:1 52:1 54:1 55:10 58:1 60:7 62:3 63:3 64:14 65:5 66:1 68:3 70:6 71:2 72:1 74:1 75:12 76:1 78:3 80:8 81:1 85:13 86:1 88:1 89:4 90:17 91:2 92:1 93:1 95:22 96:2 97:3 98:3 99:1 100:19 102:1 104:1 105:20 106:1 109:1 110:3 119:1
ClipAndMerge,gen_n1000000_l121_merged.fq,1000000,121,999915,955698,44217,0.062,0:911627 1:41916 2:1673 3:56 4:11 5:5 6:4 7:9 8:10 10:1 13:2 14:1 15:3 17:2 18:1 19:1 20:2 22:4 23:2 24:4 25:5 26:4 27:5 28:8 29:4 30:5 31:2 32:2 33:3 34:4 35:11 36:5 37:2 38:1 39:3 40:8 42:2 45:1 47:2 48:3 49:4 50:3 51:2 54:3 55:18 56:3 57:1 58:1 59:2 60:6 61:2 62:3 63:2 64:21 65:6 66:1 67:2 69:1 70:11 71:1 72:2 74:1 75:21 77:1 78:2 79:1 80:15 82:1 83:1 85:16 88:2 89:3 90:19 92:1 93:1 94:1 95:18 96:3 97:5 98:4 99:2 100:16 101:2 102:1 104:13 105:22 106:1 108:1 109:4 110:11
ClipAndMerge,gen_n1000000_l122_merged.fq,1000000,122,999926,955203,44723,0.066,0:910181 1:42732 2:1656 3:92 4:5 5:3 6:13 7:16 8:16 9:1 10:1 12:1 15:5 16:2 19:1 20:2 21:1 22:1 23:3 24:9 25:9 26:10 27:6 28:15 29:6 30:9 31:1 32:6 33:8 34:14 35:14 36:5 37:3 38:4 39:6 40:11 41:5 42:2 43:3 44:5 45:4 46:4 47:3 48:3 49:4 50:8 51:1 52:3 53:3 54:1 55:17 57:2 58:1 59:2 60:14 61:3 62:6 63:3 64:16 65:5 66:1 67:5 68:2 69:1 70:12 71:1 72:1 74:1 75:18 76:2 78:2 79:1 80:9 82:2 84:4 85:13 86:3 88:4 89:2 90:24 92:2 93:1 94:2 95:27 96:2 97:4 98:5 99:1 100:11 101:2 102:2 104:7 105:21 107:1 109:1 110:16 112:3 117:1
ClipAndMerge,gen_n1000000_l123_merged.fq,1000000,123,999926,954207,45719,0.078,0:907952 1:43607 2:1748 3:82 4:20 5:16 6:24 7:13 8:3 9:1 10:1 14:1 15:9 16:2 17:1 18:1 19:1 20:7 21:3 22:4 23:5 24:8 25:9 26:16 27:10 28:15 29:8 30:22 31:15 32:13 33:16 34:17 35:13 36:15 37:11 38:15 39:14 40:15 41:8 42:15 43:7 44:7 45:11 46:7 47:7 48:10 49:6 50:15 51:8 52:9 53:8 54:3 55:6 56:4 57:1 58:3 59:7 60:5 61:4 62:5 63:3 64:26 65:9 66:1 67:7 68:7 69:2 70:5 71:1 72:4 73:1 74:1 75:23 76:3 78:4 79:1 80:18 81:2 82:2 83:1 84:5 85:25 86:3 87:5 88:6 89:6 90:10 91:1 92:1 93:2 94:4 95:19 96:2 97:6 98:4 99:2 100:23 101:5 102:5 103:2 104:7 105:21 107:2 109:2 110:24 112:2 114:1 116:1 117:1
ClipAndMerge,gen_n1000000_l124_merged.fq,1000000,124,999907,954647,45260,0.115,0:907327 1:43916 2:1834 3:89 4:21 5:58 6:41 7:8 8:11 9:1 10:3 12:1 13:3 15:7 16:3 17:2 18:3 19:1 20:8 21:5 22:2 23:7 24:16 25:15 26:12 27:12 28:15 29:19 30:31 31:19 32:19 33:19 34:20 35:23 36:19 37:15 38:15 39:14 40:26 41:10 42:19 43:10 44:12 45:25 46:12 47:10 48:7 49:14 50:18 51:13 52:6 53:5 54:14 55:26 56:9 57:8 58:7 59:6 60:26 61:11 62:11 63:15 64:57 65:16 66:10 67:6 68:11 69:3 70:15 71:2 72:5 73:5 74:6 75:44 76:8 77:4 78:5 79:10 80:26 81:3 82:8 83:3 84:33 85:27 86:14 87:4 88:8 89:6 90:32 91:5 92:6 93:2 94:5 95:39 96:5 97:6 98:12 99:5 100:45 101:8 102:8 103:7 104:24 105:56 106:6 107:1 108:6 109:2 110:29 111:4 112:8 113:3 114:10 115:5 116:15
ClipAndMerge,gen_n1000000_l125_merged.fq,1000000,125,999938,954116,45822,0.063,0:907638 1:44203 2:1795 3:99 4:12 5:8 6:4 7:1 8:5 9:1 11:1 12:2 14:1 15:4 16:3 17:1 22:2 23:1 24:1 25:3 26:2 27:1 30:5 34:1 35:3 39:2 40:6 41:2 42:2 43:1 44:2 45:6 46:1 47:2 48:1 49:3 50:12 51:1 52:2 53:2 54:2 55:11 57:1 58:4 59:2 60:4 61:1 62:1 63:2 64:18 65:11 67:1 68:1 70:11 71:1 72:4 74:1 75:35 78:1 79:3 80:9 82:2 84:1 85:8 86:1 87:1 89:3 90:10 91:2 94:1 95:16 96:2 97:3 98:7 99:1 100:17 101:1 102:3 104:11 105:14 108:2 110:26 111:1 112:2 114:3 115:12
ClipAndMerge,gen_n1000000_l126_merged.fq,1000000,126,999918,951367,48551,0.07,0:902303 1:46471 2:2002 3:98 4:13 5:8 6:8 7:1 8:7 9:4 10:5 11:3 12:1 15:8 16:3 17:1 18:2 20:3 23:2 24:2 25:10 26:3 28:3 29:1 30:4 32:2 34:4 35:3 36:3 39:3 40:6 41:4 42:1 44:5 45:7 46:2 47:1 48:2 49:2 50:10 51:1 52:2 53:1 55:18 56:2 57:2 58:2 59:2 60:9 61:1 62:2 63:2 64:16 65:14 67:2 68:2 69:2 70:11 71:8 72:4 73:1 75:34 76:2 78:4 80:15 84:8 85:20 88:4 89:2 90:22 91:1 92:3 94:2 95:17 96:5 97:3 98:7 99:3 100:16 101:4 102:2 104:8 105:18 106:1 109:5 110:24 111:1 115:11
ClipAndMerge,gen_n1000000_l127_merged.fq,1000000,127,999911,948832,51079,0.074,0:898279 1:47882 2:2027 3:78 4:12 5:11 6:4 8:12 10:4 12:1 13:1 15:20 16:3 17:2 18:2 20:6 21:1 22:2 23:2 25:8 26:8 27:1 29:1 30:12 31:4 32:3 33:1 34:3 35:4 38:1 39:5 40:10 41:1 42:5 44:2 45:11 46:1 48:3 49:9 50:10 51:2 52:2 53:2 54:4 55:16 56:2 57:3 58:4 59:3 60:8 61:5 62:2 63:4 64:18 65:14 67:1 68:3 69:4 70:10 71:4 72:3 73:1 74:1 75:35 76:3 77:1 78:5 80:17 84:4 85:12 86:3 88:3 90:17 91:1 93:4 94:4 95:13 96:6 97:6 98:10 100:19 101:3 102:1 103:2 104:21 105:19 107:1 108:3 109:2 110:27 111:1 112:1 114:2 115:17 117:1
ClipAndMerge,gen_n1000000_l128_merged.fq,1000000,128,999924,945885,54039,0.077,0:893683 1:49466 2:2046 3:79 4:16 5:6 6:6 8:11 9:1 10:4 12:1 13:1 15:20 16:3 17:1 19:2 20:9 21:2 23:2 25:17 26:8 27:2 28:3 29:1 30:12 31:2 32:2 33:1 34:1 35:10 36:1 38:2 39:2 40:12 41:2 42:2 43:3 44:2 45:6 46:3 47:1 48:4 49:4 50:13 51:1 52:2 53:2 54:3 55:22 56:6 57:2 59:3 60:15 61:6 62:5 63:2 64:30 65:15 66:5 67:4 68:3 69:1 70:10 71:2 72:4 73:1 74:1 75:29 76:1 77:2 78:4 80:19 82:1 84:4 85:18 86:1 88:5 89:4 90:16 91:3 93:1 94:2 95:22 96:6 97:6 98:10 99:1 100:21 101:3 102:1 104:9 105:21 106:2 107:1 108:1 109:1 110:21 111:1 113:1 114:1 115:21 116:3 117:1 118:1
ClipAndMerge,gen_n1000000_l129_merged.fq,1000000,129,999908,942774,57134,0.079,0:888466 1:51377 2:2176 3:82 4:44 5:26 6:7 8:4 9:1 10:4 12:2 15:25 16:1 17:1 18:1 19:1 20:11 21:1 22:3 23:2 24:6 25:14 26:9 28:2 29:1 30:16 31:4 32:2 33:2 34:2 35:10 36:2 37:3 38:3 39:2 40:11 41:4 42:5 44:6 45:12 48:2 49:7 50:17 51:2 52:2 54:7 55:16 56:3 57:1 59:3 60:19 61:2 62:6 63:5 64:22 65:15 66:1 67:3 68:4 69:4 70:15 71:1 72:6 73:1 74:1 75:27 78:7 79:1 80:17 81:1 82:1 83:1 84:6 85:19 86:4 87:1 88:6 89:2 90:12 91:1 92:1 93:3 94:3 95:12 96:2 97:4 98:8 99:3 100:22 101:5 104:18 105:13 106:2 107:1 108:1 109:2 110:17 111:2 112:1 114:2 115:21 116:2 119:7
ClipAndMerge,gen_n1000000_l12_merged.fq,1000000,12,999912,969191,30721,0.0,0:969159 1:14 2:18
ClipAndMerge,gen_n1000000_l130_merged.fq,1000000,130,999922,939681,60241,0.083,0:882784 1:53636 2:2403 3:101 4:49 5:53 6:19 7:1 8:18 9:3 10:5 12:2 15:29 16:3 17:1 18:1 19:2 20:17 21:1 22:3 23:3 25:9 26:10 28:1 29:6 30:17 31:2 32:3 33:3 34:2 35:12 36:4 37:1 38:2 39:2 40:14 41:2 42:8 43:3 44:1 45:7 46:3 47:1 48:2 49:5 50:14 51:2 52:3 53:1 54:1 55:23 56:2 57:4 58:4 59:4 60:12 61:2 62:3 63:1 64:27 65:12 66:1 68:1 69:2 70:13 71:4 72:4 73:1 74:1 75:32 76:4 77:1 78:4 79:1 80:15 81:2 82:3 84:5 85:18 86:2 88:5 89:2 90:19 91:4 92:3 94:1 95:18 96:5 97:2 98:6 99:3 100:18 101:5 102:3 103:1 104:11 105:18 106:2 108:1 110:19 111:1 112:1 114:3 115:21 118:1 119:1 120:24
ClipAndMerge,gen_n1000000_l131_merged.fq,1000000,131,999914,937615,62299,0.088,0:878813 1:55382 2:2423 3:118 4:65 5:72 6:38 7:9 8:13 9:7 10:5 11:2 12:1 13:1 15:35 16:3 17:1 18:2 20:14 21:3 22:1 23:2 24:4 25:19 26:12 27:1 28:2 29:2 30:12 32:2 33:1 34:5 35:14 36:5 37:3 38:1 39:1 40:14 41:2 42:2 44:1 45:13 46:2 47:2 48:4 49:8 50:10 51:3 52:3 54:3 55:22 56:2 57:4 58:2 59:2 60:18 61:2 62:4 63:3 64:39 65:13 66:3 67:1 68:6 69:3 70:10 71:5 72:8 73:2 74:2 75:31 78:3 80:23 81:1 82:3 83:1 84:4 85:17 86:3 87:2 88:1 89:5 90:22 92:1 93:4 95:7 96:5 98:6 99:1 100:29 101:1 102:1 104:9 105:19 106:2 107:2 108:2 110:22 111:1 114:1 115:29 118:1 119:1 120:37 121:6
ClipAndMerge,gen_n1000000_l132_merged.fq,1000000,132,999903,934163,65740,0.09,0:872898 1:57798 2:2509 3:103 4:53 5:55 6:37 7:6 8:15 9:1 10:5 12:1 14:1 15:29 16:6 18:5 19:1 20:13 21:4 22:1 23:5 24:2 25:15 26:11 27:2 28:3 29:4 30:22 31:6 32:4 33:2 34:3 35:9 36:2 37:4 39:2 40:13 41:1 42:3 44:2 45:10 46:1 47:1 48:1 49:8 50:23 51:3 52:5 54:2 55:20 56:4 57:2 58:3 59:5 60:21 61:1 62:2 63:3 64:22 65:17 66:1 67:3 68:7 69:1 70:15 71:2 73:1 74:4 75:40 76:2 77:2 78:2 79:2 80:16 81:2 83:1 84:7 85:16 86:4 87:1 88:1 89:8 90:19 91:4 92:1 93:4 94:2 95:21 96:2 97:4 98:6 99:1 100:18 101:6 102:1 103:1 104:14 105:21 106:1 109:1 110:14 111:1 112:4 113:1 114:1 115:18 116:3 119:3 120:30 121:9 122:4
ClipAndMerge,gen_n1000000_l133_merged.fq,1000000,133,999924,932111,67813,0.093,0:869264 1:59194 2:2638 3:118 4:25 5:69 6:57 7:8 8:28 9:4 10:8 11:2 12:1 14:1 15:18 16:4 19:3 20:19 21:5 22:2 23:3 24:3 25:16 26:9 27:1 29:1 30:27 31:2 32:2 33:1 34:1 35:13 36:2 37:1 38:4 39:4 40:12 41:2 42:2 44:3 45:8 46:1 47:2 48:6 49:11 50:22 51:3 52:4 53:1 54:3 55:23 56:3 57:1 58:3 59:2 60:11 62:7 63:1 64:32 65:16 66:3 67:3 68:4 69:5 70:9 71:3 72:5 73:2 74:5 75:31 76:1 77:2 78:1 79:3 80:23 81:1 82:5 84:2 85:28 86:4 87:6 88:3 89:3 90:22 91:2 92:2 93:2 95:18 96:6 97:2 98:10 99:1 100:13 101:4 102:2 104:19 105:16 106:3 108:2 109:2 110:26 111:1 112:3 113:1 114:3 115:19 117:1 118:1 119:3 120:30 121:6 123:2
ClipAndMerge,gen_n1000000_l134_merged.fq,1000000,134,999910,929307,70603,0.097,0:864465 1:61174 2:2627 3:124 4:37 5:44 6:40 7:6 8:29 9:3 10:8 11:1 12:6 13:3 14:1 15:22 16:4 18:3 19:2 20:21 21:2 22:1 23:6 24:1 25:14 26:8 27:1 28:2 29:1 30:28 31:2 32:5 33:1 34:1 35:23 36:5 37:1 39:2 40:17 41:2 42:4 43:1 44:3 45:16 46:4 47:1 48:4 49:12 50:12 51:2 52:2 54:1 55:23 56:2 57:1 58:3 59:1 60:7 62:7 63:3 64:32 65:15 66:7 67:3 68:6 69:3 70:14 71:6 72:4 74:1 75:31 76:3 77:2 78:1 79:1 80:20 81:3 82:2 83:2 84:6 85:27 86:3 88:2 90:26 91:4 93:1 94:1 95:20 96:1 97:8 98:17 99:4 100:19 101:4 102:3 104:12 105:23 106:1 107:1 108:2 109:1 110:18 111:1 112:2 113:1 114:5 115:21 116:1 117:1 118:1 119:2 120:30 121:7 122:1 124:22
ClipAndMerge,gen_n1000000_l135_merged.fq,1000000,135,999914,926461,73453,0.101,0:860636 1:61908 2:2799 3:135 4:36 5:37 6:35 7:3 8:15 9:7 10:27 11:6 12:4 14:2 15:35 16:5 17:2 18:5 19:1 20:24 21:5 22:3 23:5 24:6 25:24 26:14 27:1 28:3 29:2 30:23 31:4 32:1 33:2 35:12 36:3 37:1 39:6 40:23 41:2 42:6 44:4 45:14 46:3 47:3 48:2 49:9 50:19 51:3 52:2 53:2 54:4 55:26 56:2 57:2 58:2 59:7 60:9 61:6 63:6 64:30 65:14 66:3 68:5 69:7 70:15 72:1 73:1 74:1 75:38 76:2 77:2 79:1 80:15 81:1 82:4 83:3 84:2 85:18 86:1 87:1 88:5 89:3 90:17 91:2 92:3 93:1 94:2 95:22 96:2 97:7 98:11 99:2 100:26 101:3 102:4 103:1 104:8 105:16 106:1 107:1 108:2 109:3 110:24 111:1 112:4 113:1 114:1 115:21 116:2 117:4 118:1 119:2 120:25 121:8 124:15 125:52
ClipAndMerge,gen_n1000000_l136_merged.fq,1000000,136,999919,923520,76399,0.101,0:855467 1:63985 2:3024 3:114 4:41 5:17 6:37 7:3 8:23 9:7 10:32 11:3 12:7 13:1 14:2 15:27 16:5 18:1 19:1 20:16 21:6 22:3 23:5 24:2 25:18 26:11 27:2 28:4 29:1 30:21 31:4 32:3 33:4 34:1 35:12 36:5 38:1 39:3 40:17 41:2 42:3 43:1 44:2 45:20 46:4 47:3 48:5 49:7 50:20 51:3 52:2 53:1 54:7 55:14 56:3 57:1 58:3 59:6 60:13 61:6 62:3 63:4 64:26 65:14 66:1 67:1 68:4 69:3 70:14 71:2 72:6 73:2 74:1 75:37 76:1 77:3 78:3 79:6 80:19 82:1 83:1 84:5 85:12 86:6 87:1 88:2 89:2 90:21 92:2 94:1 95:15 96:2 97:2 98:12 99:4 100:13 101:3 102:1 104:8 105:13 106:1 108:3 110:21 111:1 112:1 114:4 115:26 116:2 117:1 118:2 120:36 121:4 122:1 123:2 124:13 125:52 126:11
ClipAndMerge,gen_n1000000_l137_merged.fq,1000000,137,999921,920975,78946,0.104,0:851629 1:65148 2:3061 3:126 4:36 5:42 6:19 7:2 8:12 9:2 10:33 11:8 12:56 13:4 14:2 15:20 16:1 17:1 18:1 20:28 21:8 24:5 25:21 26:12 27:1 28:5 29:5 30:28 31:2 32:3 33:1 34:3 35:15 36:2 38:2 39:6 40:26 41:3 42:4 43:3 44:2 45:16 46:2 48:3 49:9 50:20 51:3 52:3 53:1 54:6 55:25 56:3 57:1 59:3 60:11 62:2 63:7 64:23 65:17 66:2 67:1 68:4 69:3 70:14 71:2 72:5 74:4 75:40 76:3 78:5 79:4 80:20 82:2 83:1 84:5 85:17 86:6 88:3 89:2 90:24 91:3 93:2 94:3 95:20 96:6 97:1 98:7 99:4 100:22 101:1 102:2 104:10 105:21 106:1 108:1 109:1 110:24 111:1 112:2 114:6 115:19 116:2 118:2 119:2 120:20 121:3 122:2 123:1 124:12 125:46 126:6 127:12
ClipAndMerge,gen_n1000000_l138_merged.fq,1000000,138,999916,918036,81880,0.101,0:847066 1:66715 2:3171 3:137 4:34 5:41 6:18 7:3 8:10 9:4 10:30 11:4 12:27 13:3 14:1 15:37 16:7 17:1 18:2 20:14 21:5 22:4 23:1 24:3 25:21 26:15 27:1 28:2 29:1 30:30 31:4 32:5 33:1 34:4 35:24 37:1 38:4 39:9 40:19 41:2 42:5 44:3 45:16 46:2 47:1 48:1 49:5 50:27 51:4 52:5 54:3 55:24 56:2 59:5 60:17 61:4 62:2 63:5 64:32 65:10 66:3 68:1 69:3 70:8 71:4 72:10 73:1 74:1 75:37 76:1 77:1 78:3 79:4 80:14 82:2 83:1 84:4 85:18 87:1 88:3 89:6 90:24 91:4 92:1 95:10 96:5 97:4 98:11 99:1 100:19 101:3 103:1 104:10 105:10 106:1 110:25 112:1 114:4 115:20 116:3 117:1 118:1 119:1 120:25 121:2 122:3 124:4 125:49 126:6 127:2 128:5
ClipAndMerge,gen_n1000000_l139_merged.fq,1000000,139,999922,916066,83856,0.104,0:842960 1:68690 2:3299 3:137 4:38 5:28 6:16 8:16 9:2 10:44 11:4 12:42 13:2 14:3 15:21 16:6 17:2 18:1 19:2 20:17 21:6 22:3 23:6 24:5 25:31 26:9 27:2 28:2 29:1 30:21 31:4 32:6 33:3 34:1 35:22 36:4 37:2 38:2 39:5 40:20 41:2 42:3 43:5 44:7 45:15 46:3 47:1 48:3 49:6 50:19 51:4 52:3 54:3 55:17 56:1 57:3 58:1 59:5 60:16 61:4 62:3 64:31 65:18 66:1 68:8 69:1 70:25 71:1 72:5 73:1 74:2 75:32 76:2 77:1 78:1 79:4 80:20 81:1 82:1 83:1 84:1 85:20 86:3 87:1 88:2 89:2 90:18 91:2 92:4 94:1 95:16 96:5 97:4 98:12 99:3 100:16 101:5 102:3 103:3 104:11 105:17 108:1 109:1 110:18 111:2 113:1 114:3 115:21 116:1 117:1 119:4 120:17 121:5 122:1 124:9 125:37 126:8 127:7 128:3 129:12
ClipAndMerge,gen_n1000000_l13_merged.fq,1000000,13,999925,966222,33703,0.0,0:966185 1:21 2:10 3:6
ClipAndMerge,gen_n1000000_l140_merged.fq,1000000,140,999928,912996,86932,0.114,0:838445 1:69856 2:3464 3:138 4:41 5:38 6:24 7:1 8:14 9:2 10:29 11:4 12:37 13:2 14:1 15:42 16:6 17:1 18:3 20:27 21:3 22:1 23:4 24:5 25:23 26:12 27:2 28:8 29:3 30:30 31:5 32:4 33:5 34:3 35:13 36:5 37:1 39:4 40:22 41:2 42:4 43:1 44:3 45:15 46:2 47:1 48:4 49:5 50:27 51:4 52:4 54:5 55:22 56:2 57:2 58:3 59:3 60:21 61:5 63:2 64:28 65:18 66:4 67:2 68:8 69:5 70:10 71:4 72:3 73:4 74:1 75:31 76:4 78:3 79:4 80:16 81:2 82:1 84:6 85:13 86:3 88:3 89:4 90:19 91:3 92:1 93:6 95:20 96:6 97:2 98:16 99:1 100:16 101:2 102:2 103:2 104:8 105:18 106:2 107:1 108:3 109:1 110:15 112:2 114:2 115:14 116:2 117:1 118:1 119:5 120:30 121:3 122:2 124:10 125:32 126:5 127:5 128:6 129:11 130:79
ClipAndMerge,gen_n1000000_l141_merged.fq,1000000,141,999935,910312,89623,0.117,0:834271 1:71200 2:3580 3:135 4:27 5:41 6:17 7:3 8:20 9:2 10:30 11:4 12:42 13:7 14:2 15:37 16:12 17:2 18:4 20:15 21:2 22:1 23:2 24:8 25:19 26:5 27:2 28:6 29:2 30:27 31:7 32:3 33:2 35:24 36:7 37:5 38:2 39:3 40:24 41:4 42:4 44:3 45:17 46:2 47:1 48:6 49:14 50:24 51:3 52:2 54:4 55:23 56:2 57:3 58:1 59:2 60:16 61:7 62:2 63:3 64:35 65:22 66:3 67:1 68:5 69:4 70:11 71:9 72:4 74:1 75:46 76:2 78:4 79:1 80:9 82:3 83:2 84:3 85:24 86:1 87:1 88:7 89:3 90:33 91:2 92:2 93:2 94:1 95:22 96:5 97:7 98:8 99:2 100:17 101:8 102:1 104:15 105:18 107:2 108:2 109:2 110:20 111:1 112:3 113:2 114:2 115:20 116:3 118:1 119:2 120:29 121:11 122:1 124:4 125:37 126:4 127:3 128:5 129:6 130:61 131:2
ClipAndMerge,gen_n1000000_l142_merged.fq,1000000,142,999939,906705,93234,0.12,0:828885 1:72919 2:3627 3:143 4:35 5:27 6:17 7:3 8:13 9:5 10:15 11:1 12:26 13:2 14:1 15:46 16:19 17:6 18:5 19:2 20:21 21:6 22:3 23:3 24:2 25:30 26:14 27:1 28:2 29:2 30:22 31:2 32:5 33:3 34:4 35:23 36:1 37:2 39:3 40:28 41:5 42:6 43:3 44:4 45:16 46:2 47:1 48:4 49:8 50:30 51:2 52:1 53:1 54:5 55:22 56:2 57:3 59:5 60:21 61:3 63:4 64:21 65:21 66:4 67:3 68:8 69:3 70:15 71:4 72:7 73:3 75:34 76:1 77:3 78:3 79:1 80:18 82:3 83:1 84:7 85:19 86:3 87:1 88:5 89:4 90:24 91:1 92:3 94:3 95:19 96:5 97:5 98:7 99:2 100:20 101:8 102:4 104:17 105:13 106:3 107:1 108:2 110:18 111:2 112:1 114:5 115:23 116:2 117:1 118:1 119:2 120:37 121:7 122:1 123:1 124:9 125:40 126:4 127:1 128:7 129:4 130:72 131:4 132:12
ClipAndMerge,gen_n1000000_l143_merged.fq,1000000,143,999923,905535,94388,0.122,0:825953 1:74480 2:3784 3:154 4:33 5:36 6:21 7:6 8:12 9:1 10:27 11:4 12:16 14:4 15:33 16:14 17:4 18:18 19:3 20:30 21:3 22:2 23:3 24:6 25:22 26:12 27:1 28:1 29:4 30:33 31:4 32:4 33:3 34:3 35:18 36:6 38:1 39:2 40:27 41:4 42:2 43:3 44:6 45:20 46:2 48:3 49:4 50:22 51:9 52:5 53:2 54:1 55:26 56:4 57:1 58:5 59:7 60:13 61:7 62:3 63:5 64:27 65:16 66:1 68:6 69:6 70:15 71:4 72:4 73:1 74:3 75:46 76:2 77:2 78:2 79:2 80:23 81:1 82:3 83:1 84:4 85:15 86:2 87:1 88:6 89:4 90:23 91:4 92:2 93:2 94:4 95:23 96:3 97:5 98:9 99:4 100:12 101:2 102:4 103:1 104:11 105:16 106:4 107:2 108:4 109:1 110:23 111:4 112:5 114:4 115:24 116:4 117:2 120:37 121:6 122:6 123:1 124:11 125:25 126:6 127:1 128:7 129:3 130:61 131:2 132:2 133:26
ClipAndMerge,gen_n1000000_l144_merged.fq,1000000,144,999931,902404,97527,0.121,0:821473 1:75582 2:4075 3:156 4:29 5:28 6:10 7:3 8:8 9:2 10:21 11:4 12:16 13:1 14:4 15:33 16:10 17:2 18:27 19:4 20:37 21:4 22:2 23:2 24:4 25:22 26:9 27:2 28:4 29:5 30:33 31:6 32:1 33:3 34:7 35:26 36:5 37:2 38:2 39:4 40:26 41:1 42:3 43:1 44:3 45:28 46:6 47:3 48:3 49:9 50:20 51:5 52:5 53:1 54:2 55:22 56:5 57:5 58:4 59:3 60:15 61:3 62:8 63:4 64:17 65:16 66:3 67:1 68:7 69:6 70:17 71:5 72:7 73:2 74:3 75:38 76:4 77:2 78:6 80:19 83:2 84:6 85:15 86:3 88:4 89:2 90:14 91:3 92:4 93:1 94:4 95:13 96:5 97:1 98:11 99:1 100:21 101:3 104:11 105:14 106:2 107:2 108:3 109:1 110:23 111:1 112:2 114:6 115:14 116:2 117:2 118:2 119:3 120:34 121:2 122:1 124:17 125:18 126:3 127:5 128:5 129:3 130:60 131:3 132:2 133:8 134:36
ClipAndMerge,gen_n1000000_l145_merged.fq,1000000,145,999928,899465,100463,0.131,0:816531 1:77422 2:4112 3:163 4:41 5:28 6:17 7:5 8:10 9:3 10:35 11:2 12:21 13:4 14:3 15:31 16:5 17:4 18:20 19:3 20:54 21:10 22:3 23:3 24:3 25:29 26:5 27:2 28:3 29:4 30:27 31:5 32:5 33:1 34:1 35:26 36:5 37:2 40:20 41:5 42:6 43:1 44:3 45:19 46:6 48:2 49:12 50:25 51:1 52:6 54:2 55:20 56:5 57:2 58:2 59:3 60:22 61:3 62:6 63:3 64:27 65:20 66:4 67:2 69:4 70:8 71:4 72:11 73:4 74:2 75:44 76:2 78:3 80:17 81:2 82:3 83:1 84:1 85:11 86:3 87:1 88:3 89:5 90:19 91:2 92:3 94:2 95:12 96:5 97:3 98:16 99:4 100:20 101:2 102:1 104:8 105:17 106:3 107:1 108:2 109:1 110:24 111:1 112:3 113:1 114:3 115:22 116:2 118:1 119:2 120:34 121:5 123:1 124:9 125:47 126:3 127:1 128:3 129:2 130:41 131:4 133:12 134:21 135:98
ClipAndMerge,gen_n1000000_l146_merged.fq,1000000,146,999929,896425,103504,0.135,0:812345 1:78384 2:4256 3:180 4:40 5:27 6:14 7:5 8:15 9:1 10:17 11:5 12:18 13:2 15:41 16:9 17:5 18:21 19:2 20:46 21:7 22:4 23:4 24:4 25:11 26:6 27:5 28:2 29:4 30:34 31:10 32:1 33:4 34:3 35:22 36:4 37:2 38:1 39:4 40:28 41:3 42:5 43:4 44:2 45:27 46:4 47:2 48:3 49:8 50:29 52:6 54:9 55:26 56:3 57:2 58:1 59:4 60:15 61:2 62:2 63:3 64:27 65:13 66:1 67:1 68:2 69:4 70:9 71:4 72:11 74:2 75:36 76:3 77:1 79:1 80:18 83:1 84:5 85:19 87:1 88:1 89:8 90:17 91:3 92:1 93:1 94:3 95:14 96:3 97:8 98:15 99:3 100:16 101:5 102:1 104:14 105:17 106:1 108:2 110:18 111:1 112:2 114:3 115:23 116:4 117:2 119:1 120:25 121:4 122:2 123:2 124:13 125:56 126:5 127:1 128:2 129:6 130:39 131:4 132:1 133:8 134:14 135:114 136:30
ClipAndMerge,gen_n1000000_l147_merged.fq,1000000,147,999921,894621,105300,0.134,0:808576 1:80207 2:4407 3:191 4:30 5:25 6:12 7:4 8:17 9:1 10:27 11:8 12:18 13:3 14:3 15:39 16:9 17:5 18:18 19:3 20:46 21:11 22:6 23:6 24:4 25:28 26:7 28:1 29:1 30:26 31:3 32:2 33:3 34:4 35:21 36:5 37:2 38:1 39:6 40:20 41:5 42:9 43:5 44:1 45:17 46:1 48:4 49:6 50:20 51:4 52:3 53:3 54:2 55:21 56:3 57:2 58:3 59:1 60:15 61:3 62:3 63:6 64:27 65:14 66:1 67:2 68:7 69:2 70:18 71:5 72:8 73:2 75:48 76:1 78:6 79:2 80:22 81:3 82:1 84:7 85:13 86:2 88:8 89:4 90:27 91:1 93:1 94:2 95:23 96:7 97:2 98:10 99:1 100:18 101:2 102:2 103:1 104:9 105:23 106:1 108:1 109:2 110:17 111:2 112:2 114:2 115:15 116:1 117:1 118:1 119:3 120:25 121:5 122:1 124:20 125:40 126:4 127:14 128:6 129:5 130:36 131:2 133:6 134:15 135:94 136:11 137:14
ClipAndMerge,gen_n1000000_l148_merged.fq,1000000,148,999912,891546,108366,0.135,0:803889 1:81689 2:4502 3:210 4:33 5:33 6:18 7:3 8:12 9:2 10:22 11:3 12:11 13:6 14:2 15:40 16:18 18:15 19:8 20:49 21:7 22:7 23:3 24:5 25:26 26:6 27:2 28:2 29:2 30:27 31:5 32:4 33:3 35:19 36:7 37:3 38:2 39:4 40:24 41:1 42:3 43:4 44:3 45:19 46:5 47:2 48:6 49:11 50:23 51:5 52:5 53:1 54:4 55:26 56:5 57:3 58:2 60:20 61:4 62:4 63:4 64:18 65:25 66:5 68:3 69:1 70:11 71:2 72:9 73:4 74:1 75:40 76:2 77:1 78:2 79:1 80:25 82:1 83:1 84:7 85:21 86:2 88:2 89:7 90:22 91:3 92:1 93:2 94:1 95:23 97:5 98:14 99:2 100:17 101:3 102:3 103:1 104:12 105:21 106:3 108:4 109:1 110:16 111:1 112:4 113:1 114:1 115:19 116:2 117:3 118:4 119:4 120:25 121:1 123:1 124:13 125:35 126:4 127:15 128:4 129:2 130:39 131:2 132:1 134:13 135:82 136:15 137:15 138:12
ClipAndMerge,gen_n1000000_l149_merged.fq,1000000,149,999919,889785,110134,0.134,0:800890 1:82814 2:4598 3:208 4:24 5:29 6:25 7:7 8:13 9:5 10:15 11:6 12:19 13:2 14:1 15:43 16:11 17:5 18:1 19:1 20:63 21:18 22:6 23:6 24:29 25:37 26:13 27:4 28:4 29:2 30:23 31:4 32:2 33:7 34:4 35:17 36:5 38:3 39:7 40:18 41:4 42:2 43:4 44:1 45:23 46:6 48:1 49:9 50:19 51:4 52:3 53:2 54:7 55:21 56:4 57:1 58:5 59:5 60:17 61:1 62:3 63:3 64:34 65:14 66:4 67:1 68:10 69:4 70:10 71:3 72:15 73:1 74:1 75:48 76:3 77:1 78:1 79:2 80:10 81:1 82:4 84:5 85:20 88:3 89:1 90:19 91:3 92:1 93:1 94:3 95:11 96:6 97:7 98:11 99:2 100:14 101:2 102:3 104:11 105:19 106:2 108:2 109:3 110:22 112:3 113:1 114:6 115:20 116:2 117:2 118:1 119:1 120:24 121:6 122:5 124:14 125:45 126:7 127:8 128:6 129:9 130:35 131:3 132:1 134:7 135:75 136:8 137:7 138:4 139:13
ClipAndMerge,gen_n1000000_l14_merged.fq,1000000,14,999918,963804,36114,0.002,0:963720 1:18 2:15 3:8 4:43
ClipAndMerge,gen_n1000000_l150_merged.fq,1000000,150,999914,886476,113438,0.143,0:795772 1:84475 2:4663 3:230 4:32 5:35 6:15 7:5 8:17 9:3 10:18 11:6 12:14 13:5 15:46 16:11 17:5 18:3 19:3 20:33 21:11 22:9 23:7 24:45 25:55 26:16 27:1 28:2 30:27 31:7 32:2 33:1 34:4 35:22 36:3 37:1 38:2 39:3 40:26 41:2 42:6 43:2 44:6 45:19 46:6 47:1 48:8 49:9 50:18 51:5 52:4 53:2 54:3 55:17 56:3 57:1 58:2 59:2 60:14 61:2 62:1 63:3 64:25 65:16 66:1 67:4 68:2 69:2 70:13 71:5 72:8 74:2 75:36 76:5 78:1 79:3 80:18 81:2 82:3 83:1 84:5 85:10 86:3 87:2 88:2 89:3 90:17 92:1 94:1 95:15 96:2 97:4 98:10 100:17 101:3 102:3 104:10 105:16 106:1 107:4 108:2 109:1 110:25 111:1 112:2 113:1 114:2 115:15 117:2 120:19 121:7 122:4 124:10 125:30 126:2 127:5 128:7 129:8 130:58 131:2 132:1 134:7 135:54 136:10 137:12 138:5 139:21 140:116
ClipAndMerge,gen_n1000000_l151_merged.fq,1000000,151,999923,884678,115245,0.143,0:792743 1:85321 2:5057 3:197 4:27 5:29 6:20 7:4 8:11 9:3 10:19 11:4 12:13 13:1 14:2 15:37 16:11 17:4 18:7 19:5 20:33 21:6 22:7 23:8 24:38 25:58 26:30 27:3 28:2 29:1 30:27 31:7 32:6 33:2 34:2 35:23 36:4 37:2 38:3 39:4 40:31 41:3 42:8 43:3 44:9 45:25 46:7 47:2 48:3 49:9 50:22 51:4 52:8 53:1 54:1 55:24 56:3 57:1 58:2 60:15 61:3 62:3 63:5 64:35 65:14 66:1 67:1 68:6 69:4 70:14 71:5 72:8 73:1 75:47 76:1 77:1 78:3 80:17 82:2 83:1 84:6 85:13 86:4 87:1 88:3 89:3 90:23 91:2 92:2 95:17 96:1 97:3 98:16 99:3 100:15 101:2 102:1 103:2 104:10 105:23 106:1 107:3 108:5 109:3 110:15 112:3 113:2 115:16 116:3 118:1 119:2 120:13 121:9 122:1 124:7 125:31 126:6 127:1 128:9 129:5 130:63 131:2 132:1 134:10 135:41 136:4 137:7 138:6 139:18 140:94 141:12
ClipAndMerge,gen_n1000000_l152_merged.fq,1000000,152,999920,881291,118629,0.144,0:787835 1:86819 2:5041 3:207 4:31 5:31 6:17 7:4 8:11 9:1 10:23 11:6 12:13 13:3 14:4 15:37 16:8 17:6 18:6 19:1 20:44 21:6 22:9 23:8 24:31 25:53 26:24 27:11 28:5 29:2 30:31 31:1 32:5 33:2 34:2 35:20 36:8 37:2 39:5 40:33 41:6 42:9 43:1 44:6 45:13 46:3 47:2 48:9 49:12 50:29 51:6 52:4 53:1 54:9 55:25 56:5 57:2 58:3 59:4 60:29 61:3 62:6 63:3 64:24 65:17 66:2 68:6 69:5 70:17 71:10 72:5 73:1 74:4 75:48 76:6 77:2 78:1 80:22 81:4 82:2 83:3 84:2 85:16 86:2 88:4 89:3 90:19 91:4 93:2 94:2 95:15 96:7 97:4 98:14 99:3 100:12 101:2 102:8 104:8 105:11 106:1 108:1 109:3 110:22 111:1 112:3 114:4 115:15 116:3 118:1 119:2 120:26 121:7 124:12 125:41 126:9 127:3 128:11 129:3 130:61 131:3 132:6 133:1 134:7 135:29 136:6 137:5 138:1 139:15 140:64 141:2 142:10
ClipAndMerge,gen_n1000000_l153_merged.fq,1000000,153,999914,878944,120970,0.152,0:783535 1:88241 2:5404 3:259 4:33 5:27 6:24 7:4 8:17 9:7 10:27 11:8 12:18 13:2 14:2 15:42 16:7 17:1 18:3 19:5 20:33 21:13 22:4 23:14 24:36 25:65 26:33 27:13 28:22 29:2 30:29 31:6 32:6 33:4 34:4 35:22 36:5 37:1 38:2 39:4 40:29 41:4 42:9 44:4 45:14 46:5 47:1 48:5 49:13 50:24 51:5 52:3 53:3 54:5 55:25 56:7 57:3 58:1 59:4 60:15 61:3 62:6 63:5 64:25 65:21 66:3 67:2 68:5 69:6 70:22 71:6 72:9 73:3 74:2 75:44 76:4 77:1 78:4 79:1 80:17 81:4 82:1 83:1 84:9 85:18 86:1 88:5 89:1 90:25 91:2 92:1 93:1 94:5 95:21 96:2 97:5 98:13 99:2 100:20 101:6 102:7 104:12 105:9 106:2 108:4 110:23 111:2 112:3 113:1 115:22 116:4 117:1 118:1 119:3 120:20 121:7 122:3 123:3 124:12 125:25 126:4 127:6 128:7 129:4 130:47 131:5 132:4 133:3 134:2 135:32 136:9 137:6 138:7 139:12 140:70 141:3 142:21 143:43
ClipAndMerge,gen_n1000000_l154_merged.fq,1000000,154,999923,876538,123385,0.151,0:779705 1:89719 2:5387 3:232 4:42 5:23 6:19 7:8 8:15 9:2 10:30 11:2 12:5 13:1 14:2 15:41 16:8 17:3 18:2 19:3 20:51 21:8 22:5 23:8 24:29 25:54 26:36 27:16 28:27 29:13 30:37 31:6 32:4 34:2 35:20 36:4 37:3 38:3 39:3 40:32 41:3 42:4 43:5 44:2 45:16 46:6 47:4 48:4 49:11 50:29 51:3 52:6 53:5 54:2 55:16 56:2 57:1 58:4 59:4 60:21 61:4 62:7 63:2 64:37 65:19 66:2 67:3 68:5 69:2 70:15 71:10 72:9 73:4 74:2 75:54 76:4 78:2 79:1 80:23 81:2 82:1 83:1 84:6 85:23 86:3 88:3 89:2 90:21 91:3 93:1 95:21 96:8 97:5 98:18 100:14 101:3 102:3 103:1 104:6 105:19 106:1 107:1 109:1 110:20 111:2 112:3 113:1 114:3 115:12 116:2 117:4 118:1 120:27 121:8 122:1 124:13 125:30 126:10 127:5 128:10 129:3 130:56 131:1 133:1 134:6 135:30 136:4 137:3 138:1 139:14 140:65 142:5 143:40 144:27
ClipAndMerge,gen_n1000000_l155_merged.fq,1000000,155,999916,874421,125495,0.167,0:775236 1:91607 2:5680 3:281 4:29 5:31 6:20 7:2 8:11 9:2 10:23 11:7 12:19 13:1 14:2 15:31 16:21 17:2 18:2 19:1 20:42 21:2 22:6 23:6 24:19 25:43 26:35 27:18 28:25 29:16 30:73 31:12 32:6 33:2 34:3 35:20 36:10 37:2 38:3 39:2 40:22 41:3 42:5 43:7 44:4 45:20 46:5 47:2 48:8 49:15 50:24 51:6 52:1 53:4 54:8 55:28 56:1 57:1 58:4 59:1 60:21 61:4 62:3 63:5 64:19 65:19 66:4 68:9 69:7 70:23 71:4 72:2 75:40 76:4 77:3 78:3 79:2 80:19 81:1 82:4 84:7 85:12 87:3 88:3 89:9 90:17 91:6 92:1 93:2 94:1 95:12 96:7 97:5 98:11 100:19 101:4 104:12 105:15 106:1 107:1 108:2 110:19 111:3 112:2 114:3 115:14 117:4 118:1 119:1 120:15 121:2 122:1 123:2 124:13 125:27 126:4 127:1 128:10 129:3 130:45 131:5 132:2 133:3 134:7 135:81 136:5 137:6 138:1 139:11 140:57 141:4 142:5 143:38 144:28 145:130
ClipAndMerge,gen_n1000000_l156_merged.fq,1000000,156,999920,871782,128138,0.166,0:772100 1:92056 2:5746 3:277 4:35 5:20 6:12 7:5 8:15 9:4 10:26 11:1 12:12 13:6 15:40 16:7 17:2 18:6 20:35 21:7 22:4 23:5 24:15 25:44 26:27 27:18 28:31 29:20 30:64 31:31 32:3 33:4 34:5 35:25 36:7 37:3 38:2 39:4 40:26 41:5 42:3 44:4 45:33 46:8 47:1 48:5 49:6 50:26 51:5 52:8 53:3 54:6 55:22 56:2 57:3 58:3 59:6 60:18 61:5 62:5 63:1 64:24 65:19 66:6 68:6 69:4 70:4 71:4 72:5 73:3 74:5 75:49 76:1 77:4 78:4 79:1 80:15 81:1 82:1 83:2 84:4 85:5 86:4 87:1 88:3 90:22 91:3 92:2 93:3 94:6 95:22 96:2 97:2 98:14 99:3 100:11 101:4 102:3 103:2 104:15 105:14 106:3 107:1 108:2 109:2 110:21 111:2 112:5 114:5 115:7 117:1 118:5 120:24 121:5 122:1 123:4 124:12 125:25 126:3 127:3 128:14 129:4 130:50 132:3 133:3 134:4 135:72 136:14 137:4 138:6 139:7 140:54 141:3 142:3 143:30 144:21 145:114 146:14
ClipAndMerge,gen_n1000000_l157_merged.fq,1000000,157,999892,869805,130087,0.166,0:768351 1:93561 2:5915 3:291 4:40 5:35 6:19 7:2 8:15 10:16 11:4 12:19 13:4 14:3 15:41 16:9 17:3 18:5 19:3 20:28 21:10 22:5 23:9 24:21 25:48 26:29 27:17 28:26 29:12 30:119 31:39 32:24 33:6 34:4 35:21 36:7 37:1 38:2 39:4 40:28 41:4 43:3 44:3 45:20 46:3 47:3 48:10 49:11 50:21 51:5 52:2 54:2 55:29 56:6 57:1 59:3 60:22 61:4 62:1 63:4 64:30 65:18 66:2 67:3 68:5 69:2 70:13 71:4 72:7 73:4 74:3 75:49 76:2 78:4 79:3 80:23 81:4 82:2 83:2 84:9 85:13 86:1 88:6 89:2 90:22 91:5 92:2 93:2 94:1 95:16 96:2 97:3 98:10 99:3 100:13 101:5 102:2 103:1 104:13 105:24 106:2 107:1 108:1 109:1 110:26 111:4 112:2 113:2 114:4 115:19 116:1 117:2 118:1 119:3 120:14 121:5 123:1 124:7 125:24 126:5 127:1 128:9 129:5 130:45 131:3 132:3 133:3 134:9 135:56 136:5 137:10 138:1 139:1 140:37 141:6 142:5 143:31 144:14 145:100 146:14 147:34
ClipAndMerge,gen_n1000000_l158_merged.fq,1000000,158,999933,866825,133108,0.163,0:763922 1:94786 2:6169 3:298 4:37 5:27 6:18 8:8 9:1 10:26 11:7 12:14 13:3 14:1 15:33 16:15 17:3 18:5 19:3 20:43 21:8 22:5 23:4 24:14 25:34 26:23 27:12 28:23 29:29 30:118 31:28 32:29 33:20 34:7 35:27 36:5 37:4 38:1 39:6 40:32 41:6 42:5 43:3 44:3 45:19 46:4 47:2 48:6 49:11 50:28 51:3 52:1 53:1 54:9 55:31 56:6 57:3 58:5 59:3 60:25 61:1 62:3 63:4 64:18 65:23 66:3 67:1 68:7 69:5 70:16 71:5 72:6 74:1 75:49 76:7 77:1 78:4 79:1 80:19 81:5 82:4 83:2 84:7 85:14 86:1 88:6 89:1 90:22 91:1 92:1 93:1 94:5 95:19 96:5 97:4 98:16 99:3 100:11 101:2 102:3 104:18 105:14 106:2 107:1 108:4 109:1 110:17 111:3 112:5 114:1 115:15 116:4 117:1 118:1 119:1 120:19 121:4 122:3 123:1 124:9 125:28 126:5 127:4 128:11 129:4 130:32 131:1 133:3 134:5 135:50 136:6 137:2 138:3 139:3 140:37 142:4 143:36 144:24 145:83 146:9 147:22
ClipAndMerge,gen_n1000000_l159_merged.fq,1000000,159,999910,863746,136164,0.163,0:759945 1:95541 2:6341 3:304 4:24 5:21 6:15 7:6 8:7 9:5 10:26 11:1 12:14 13:4 14:2 15:35 16:10 17:3 18:2 19:4 20:28 21:9 22:6 23:9 24:19 25:33 26:23 27:14 28:28 29:24 30:86 31:31 32:39 33:22 34:29 35:32 36:10 37:1 39:5 40:28 41:3 42:6 43:5 44:2 45:20 46:5 47:1 48:1 49:10 50:24 51:5 52:4 53:1 54:4 55:26 56:2 57:2 58:1 59:5 60:23 61:2 62:3 63:2 64:32 65:20 66:1 68:5 69:3 70:8 71:4 72:10 74:6 75:46 76:1 77:2 78:3 79:1 80:26 81:2 82:3 84:6 85:16 86:3 87:2 88:5 90:15 91:5 92:2 93:1 94:1 95:15 96:4 97:4 98:11 99:2 100:22 101:3 102:5 104:10 105:22 106:1 107:1 108:1 109:2 110:21 112:1 113:2 114:4 115:18 116:3 117:1 119:1 120:27 121:7 122:2 123:3 124:9 125:22 126:6 127:3 128:12 129:2 130:24 131:1 132:4 133:1 134:9 135:40 136:6 137:6 138:6 139:3 140:34 141:1 142:5 143:35 144:18 145:91 146:8 147:21 148:2 149:12
ClipAndMerge,gen_n1000000_l15_merged.fq,1000000,15,999906,961514,38392,0.004,0:961363 1:19 2:13 3:7 4:26 5:85 6:1
ClipAndMerge,gen_n1000000_l160_merged.fq,1000000,160,999911,861563,138348,0.18,0:755821 1:97001 2:6564 3:322 4:39 5:23 6:21 7:7 8:13 9:4 10:30 11:3 12:15 13:6 14:1 15:40 16:11 17:3 18:5 20:40 21:8 22:3 23:6 24:26 25:41 26:22 27:13 28:26 29:26 30:83 31:32 32:25 33:23 34:22 35:81 36:18 37:4 38:1 39:4 40:31 41:6 42:5 43:2 44:2 45:16 46:4 47:5 48:4 49:7 50:24 51:2 52:3 53:4 54:2 55:29 56:9 57:3 58:1 59:4 60:28 61:1 62:4 63:4 64:24 65:23 66:2 68:10 69:4 70:10 71:2 72:7 73:3 74:1 75:46 76:2 77:1 78:4 79:6 80:26 81:3 82:2 83:1 84:3 85:17 86:3 87:1 88:3 89:2 90:15 91:2 92:4 93:1 95:19 96:4 97:9 98:15 99:4 100:13 101:7 102:3 104:6 105:12 106:2 107:2 108:2 109:1 110:12 111:3 112:2 113:2 114:7 115:18 116:4 117:2 118:1 120:29 121:3 122:1 123:2 124:7 125:26 126:5 127:6 128:9 129:1 130:28 131:2 132:2 133:1 134:3 135:47 136:4 137:7 138:4 139:4 140:75 141:3 142:6 143:28 144:14 145:52 146:3 147:12 148:5 149:15 150:148
ClipAndMerge,gen_n1000000_l161_merged.fq,1000000,161,999908,859068,140840,0.18,0:751506 1:98816 2:6670 3:326 4:31 5:27 6:10 7:3 8:8 9:2 10:24 11:5 12:10 13:2 14:2 15:33 16:8 17:2 18:7 19:5 20:34 21:7 22:7 23:4 24:15 25:37 26:23 27:17 28:15 29:20 30:50 31:26 32:17 33:15 34:23 35:77 36:42 37:4 38:6 39:5 40:21 41:4 42:8 44:3 45:19 46:2 47:2 48:4 49:11 50:23 51:7 52:2 53:3 54:3 55:25 56:5 57:4 58:2 59:4 60:23 61:4 62:3 63:1 64:32 65:20 66:5 67:7 68:7 69:1 70:18 71:5 72:8 73:4 74:3 75:37 76:1 77:2 78:2 79:3 80:20 81:2 82:4 84:8 85:15 86:1 88:2 89:1 90:17 91:7 92:1 94:2 95:17 96:5 97:2 98:8 99:1 100:14 101:8 102:3 103:1 104:10 105:11 106:4 107:3 108:3 109:1 110:13 111:5 112:2 113:1 114:5 115:17 118:1 119:3 120:27 121:16 122:2 123:3 124:10 125:19 126:6 127:1 128:11 129:4 130:31 131:1 132:2 133:1 134:9 135:33 136:15 137:11 138:4 139:6 140:89 141:3 142:1 143:25 144:13 145:51 146:3 147:6 148:1 149:15 150:148 151:4
ClipAndMerge,gen_n1000000_l162_merged.fq,1000000,162,999910,856641,143269,0.179,0:747827 1:99760 2:6893 3:338 4:36 5:32 6:12 7:3 8:6 9:4 10:24 11:1 12:15 13:3 14:2 15:32 16:10 18:3 19:1 20:35 21:18 22:4 23:11 24:12 25:34 26:21 27:10 28:20 29:23 30:81 31:31 32:31 33:29 34:32 35:88 36:31 37:15 38:5 39:3 40:30 41:7 42:5 43:1 44:4 45:18 46:2 47:2 48:2 49:9 50:29 51:4 52:9 53:3 54:5 55:28 56:2 57:2 58:1 59:3 60:27 61:5 62:4 63:1 64:26 65:9 66:3 67:3 68:7 69:6 70:25 71:8 72:5 73:4 75:53 76:6 77:1 78:4 79:3 80:23 83:1 84:3 85:15 86:2 88:3 89:1 90:18 91:4 92:1 93:3 94:1 95:17 96:3 97:1 98:14 99:2 100:11 101:4 102:6 104:11 105:29 106:3 107:1 108:4 109:1 110:14 111:4 112:2 113:1 114:1 115:17 116:3 117:2 118:3 119:1 120:22 121:5 122:3 123:2 124:12 125:20 126:7 127:1 128:9 129:3 130:37 131:3 132:5 133:1 134:3 135:48 136:4 137:5 138:4 139:3 140:72 141:2 142:10 143:21 144:11 145:37 146:3 147:7 148:3 149:16 150:115 151:3 152:12
ClipAndMerge,gen_n1000000_l163_merged.fq,1000000,163,999933,854536,145397,0.179,0:744167 1:101212 2:7011 3:323 4:45 5:19 6:15 7:2 8:7 9:2 10:17 11:3 12:11 13:3 14:2 15:29 16:15 17:5 18:4 19:3 20:37 21:13 22:5 23:4 24:20 25:34 26:24 27:15 28:16 29:23 30:53 31:30 32:37 33:17 34:25 35:98 36:57 37:16 38:13 39:8 40:37 41:5 42:3 43:2 44:3 45:21 46:3 47:2 48:4 49:10 50:32 51:5 52:3 53:2 54:3 55:25 56:4 57:2 58:3 59:3 60:17 61:5 62:8 63:4 64:26 65:14 66:3 67:1 68:12 69:6 70:19 71:5 72:4 73:1 74:2 75:54 76:3 78:1 79:1 80:19 81:1 82:3 83:1 84:5 85:18 86:1 87:1 88:3 89:2 90:21 91:1 92:1 93:2 94:2 95:16 96:5 97:5 98:10 99:3 100:16 101:8 102:2 103:3 104:16 105:9 107:1 108:4 109:1 110:15 111:3 112:3 114:4 115:14 116:2 117:3 119:3 120:20 121:3 124:7 125:17 126:5 127:6 128:14 129:1 130:29 131:2 132:1 133:3 134:5 135:45 136:6 137:5 138:7 139:4 140:53 142:7 143:39 144:12 145:35 146:3 147:11 149:18 150:106 151:4 152:3 153:40
ClipAndMerge,gen_n1000000_l164_merged.fq,1000000,164,999915,851442,148473,0.176,0:739904 1:102054 2:7318 3:363 4:32 5:21 6:21 7:4 8:16 9:5 10:14 11:3 12:13 13:2 14:1 15:40 16:10 17:1 18:2 19:3 20:37 21:14 22:7 23:10 24:13 25:32 26:33 27:11 28:22 29:28 30:60 31:20 32:15 33:13 34:20 35:82 36:59 37:19 38:20 39:26 40:39 41:7 42:6 43:1 44:5 45:18 46:6 47:2 48:4 49:8 50:26 51:6 52:5 53:4 54:7 55:34 56:5 57:2 58:7 59:2 60:31 61:4 62:3 63:5 64:29 65:16 66:4 67:2 68:6 69:3 70:19 71:1 72:8 75:48 76:3 78:4 79:5 80:21 81:2 82:1 84:6 85:14 86:4 87:2 88:4 89:2 90:20 91:5 92:1 93:3 94:2 95:9 96:8 97:3 98:12 99:1 100:15 101:3 102:2 103:1 104:4 105:20 106:1 107:2 108:2 109:3 110:15 112:4 113:3 114:3 115:19 116:1 117:1 118:4 119:2 120:22 121:2 122:1 124:3 125:15 126:5 127:3 128:7 129:4 130:18 131:1 132:4 133:1 134:2 135:36 136:6 137:7 138:3 139:6 140:58 141:3 142:10 143:33 144:11 145:51 146:1 147:5 148:2 149:5 150:87 151:3 152:8 153:24 154:17
ClipAndMerge,gen_n1000000_l165_merged.fq,1000000,165,999917,848812,151105,0.199,0:735981 1:103006 2:7419 3:365 4:39 5:29 6:18 7:1 8:7 9:2 10:18 11:4 12:17 13:1 15:35 16:14 17:4 18:4 20:43 21:9 22:8 23:6 24:18 25:39 26:28 27:19 28:28 29:29 30:58 31:20 32:25 33:28 34:19 35:40 36:45 37:19 38:25 39:9 40:67 41:18 42:7 43:6 44:5 45:21 46:6 47:3 48:3 49:13 50:23 51:5 52:6 53:2 54:6 55:33 56:10 57:1 58:3 59:2 60:30 61:8 62:4 63:3 64:34 65:17 66:3 67:2 68:4 69:4 70:14 71:3 72:9 73:2 74:5 75:49 76:1 77:1 78:6 79:2 80:19 81:1 82:2 83:1 84:3 85:29 86:2 87:1 88:3 89:4 90:19 91:1 92:2 93:4 94:3 95:20 96:7 97:6 98:10 99:2 100:18 101:3 102:4 103:1 104:12 105:10 107:1 108:6 109:2 110:16 111:2 112:3 114:2 115:13 116:3 117:1 118:1 119:4 120:26 121:7 122:1 123:1 124:7 125:16 126:5 127:1 128:11 129:4 130:31 131:2 132:3 133:1 134:3 135:29 136:6 137:7 138:5 139:7 140:34 142:5 143:29 144:14 145:102 146:2 147:2 148:1 149:5 150:63 151:2 152:3 153:23 154:17 155:176
ClipAndMerge,gen_n1000000_l166_merged.fq,1000000,166,999915,846786,153129,0.194,0:732426 1:104388 2:7637 3:422 4:38 5:16 6:18 8:8 9:2 10:18 11:3 12:13 13:5 14:2 15:27 16:8 17:3 18:6 19:1 20:34 21:8 22:5 23:6 24:20 25:36 26:22 27:13 28:32 29:27 30:52 31:18 32:27 33:12 34:15 35:48 36:27 37:28 38:24 39:16 40:72 41:27 42:7 43:4 44:2 45:22 46:4 47:1 48:5 49:12 50:27 51:5 52:3 53:3 54:3 55:26 56:6 57:2 58:2 59:8 60:15 61:4 62:3 63:1 64:29 65:16 66:1 67:1 68:3 69:3 70:15 71:3 72:11 73:4 74:1 75:56 76:1 77:2 78:7 79:1 80:9 81:2 82:1 83:2 84:11 85:14 86:5 88:5 89:1 90:22 91:3 92:6 93:2 94:3 95:16 96:4 97:2 98:11 99:3 100:15 101:6 102:3 103:1 104:7 105:16 106:2 107:1 108:4 109:1 110:12 111:1 112:2 113:2 114:6 115:25 116:4 117:4 119:4 120:24 121:9 122:3 124:6 125:17 126:11 127:3 128:13 129:3 130:13 131:2 132:1 133:2 134:4 135:24 136:9 137:9 138:4 139:5 140:44 141:2 142:4 143:38 144:14 145:81 146:5 147:6 148:1 149:7 150:63 151:1 152:2 153:14 154:22 155:141 156:12
ClipAndMerge,gen_n1000000_l167_merged.fq,1000000,167,999913,845177,154736,0.196,0:728789 1:106096 2:7778 3:409 4:49 5:31 6:15 7:5 8:14 9:5 10:32 11:6 12:10 13:2 14:1 15:36 16:15 17:2 18:3 19:3 20:43 21:8 22:8 23:10 24:17 25:47 26:26 27:16 28:25 29:20 30:71 31:33 32:29 33:17 34:28 35:43 36:30 37:18 38:24 39:14 40:93 41:17 42:52 43:11 44:6 45:32 46:8 47:3 48:4 49:8 50:24 51:4 52:2 54:7 55:34 56:3 57:4 58:3 59:2 60:23 61:1 62:6 63:1 64:28 65:28 66:5 67:2 68:4 69:6 70:21 71:1 72:9 73:1 74:2 75:66 76:5 77:1 78:3 79:2 80:19 81:2 82:2 84:8 85:16 86:1 89:3 90:29 91:3 92:3 93:3 94:2 95:16 96:5 97:4 98:15 99:1 100:15 101:4 102:3 104:9 105:18 106:2 107:2 108:3 109:2 110:18 111:1 112:4 114:5 115:18 116:4 117:1 120:25 121:3 122:2 124:8 125:18 126:5 127:5 128:14 129:2 130:15 131:3 132:3 133:3 134:2 135:27 136:11 137:4 138:3 139:5 140:47 141:1 142:2 143:29 144:17 145:72 146:4 147:34 148:1 149:5 150:54 152:2 153:10 154:13 155:115 156:6 157:6
ClipAndMerge,gen_n1000000_l168_merged.fq,1000000,168,999917,841752,158165,0.191,0:724379 1:106781 2:8184 3:467 4:42 5:19 6:15 7:3 8:10 10:21 11:5 12:12 13:1 14:2 15:20 16:11 17:1 18:7 19:4 20:50 21:6 22:7 23:5 24:19 25:36 26:22 27:11 28:20 29:22 30:55 31:15 32:17 33:15 34:28 35:51 36:21 37:17 38:30 39:23 40:76 41:34 42:35 43:13 44:5 45:33 46:8 47:3 48:6 49:11 50:32 51:3 52:2 53:3 54:2 55:31 56:6 57:3 58:1 59:4 60:21 61:11 62:10 63:5 64:21 65:18 66:5 67:3 68:6 69:5 70:16 71:8 72:12 73:5 74:3 75:53 76:2 77:1 78:3 79:4 80:15 82:2 83:2 84:2 85:11 86:4 88:6 89:2 90:13 92:3 93:3 94:2 95:19 96:5 97:4 98:14 100:14 101:4 102:5 103:1 104:17 105:17 106:2 107:2 108:6 110:13 111:2 112:3 114:4 115:19 116:5 117:2 118:3 119:2 120:19 121:6 123:1 124:11 125:23 126:3 127:2 128:8 129:5 130:26 131:2 132:2 134:1 135:27 136:7 137:6 138:2 139:6 140:38 141:2 142:5 143:16 144:21 145:67 146:3 147:17 148:5 149:2 150:42 151:3 152:4 153:16 154:21 155:104 156:6 157:8 158:10
ClipAndMerge,gen_n1000000_l169_merged.fq,1000000,169,999922,839370,160552,0.19,0:720712 1:108071 2:8208 3:442 4:49 5:24 6:12 7:4 8:14 9:1 10:20 11:3 12:17 14:1 15:35 16:6 17:3 18:5 19:3 20:28 21:7 22:5 23:10 24:21 25:34 26:19 27:19 28:19 29:25 30:60 31:25 32:25 33:18 34:34 35:49 36:21 37:9 38:14 39:16 40:61 41:18 42:42 43:24 44:19 45:36 46:9 47:1 48:3 49:7 50:33 51:5 52:4 53:3 54:4 55:24 56:5 57:2 58:3 59:5 60:18 61:6 62:5 63:2 64:30 65:22 66:5 67:2 69:6 70:21 71:11 72:6 73:2 74:2 75:47 76:7 77:1 78:10 79:1 80:27 81:2 82:2 84:8 85:18 86:6 87:2 88:2 89:3 90:20 91:2 92:1 94:2 95:10 96:6 97:4 98:16 99:1 100:13 101:3 102:2 104:20 105:16 106:2 108:3 110:10 112:5 113:1 114:1 115:14 116:2 117:1 118:1 119:3 120:20 121:2 122:2 123:1 124:6 125:18 126:10 127:3 128:16 129:3 130:21 131:4 132:5 133:2 134:1 135:31 136:7 137:8 138:3 139:5 140:27 141:3 142:6 143:16 144:10 145:67 146:2 147:15 148:4 149:8 150:33 151:1 153:13 154:10 155:103 156:3 157:4 158:4 159:44
ClipAndMerge,gen_n1000000_l16_merged.fq,1000000,16,999917,959003,40914,0.004,0:958852 1:17 2:6 3:4 4:21 5:80 6:23
ClipAndMerge,gen_n1000000_l170_merged.fq,1000000,170,999923,837263,162660,0.218,0:716909 1:109022 2:8625 3:470 4:53 5:20 6:15 7:5 8:12 9:2 10:18 11:6 12:16 13:1 14:1 15:31 16:8 17:1 18:7 19:1 20:38 21:12 22:4 23:12 24:20 25:48 26:26 27:11 28:30 29:23 30:67 31:20 32:27 33:24 34:24 35:37 36:21 37:15 38:16 39:25 40:54 41:14 42:47 43:12 44:22 45:71 46:14 47:4 48:3 49:6 50:31 51:8 52:11 54:4 55:28 56:6 57:1 58:2 59:1 60:24 61:6 62:3 63:7 64:26 65:29 66:3 67:1 68:2 69:7 70:20 71:5 72:6 73:2 74:2 75:47 76:6 78:2 79:1 80:24 81:2 82:3 84:4 85:19 86:1 87:1 88:3 89:2 90:18 91:4 92:1 93:1 94:4 95:14 96:4 97:3 98:18 100:16 101:7 102:6 104:8 105:10 106:2 107:4 108:1 109:4 110:19 111:4 112:8 113:2 114:5 115:6 116:4 117:4 118:2 119:1 120:30 121:4 122:2 123:1 124:10 125:14 126:5 127:4 128:11 129:6 130:20 131:2 132:3 134:5 135:24 136:8 137:5 138:4 139:3 140:30 141:1 142:1 143:18 144:14 145:53 146:3 147:24 148:3 149:11 150:100 151:2 152:1 153:13 154:8 155:64 156:4 157:2 158:4 159:44 160:202
ClipAndMerge,gen_n1000000_l171_merged.fq,1000000,171,999914,834157,165757,0.209,0:712420 1:110510 2:8567 3:472 4:55 5:28 6:16 7:3 8:15 9:3 10:25 11:7 12:24 13:2 14:2 15:29 16:16 17:2 18:3 19:2 20:29 21:4 22:5 23:5 24:19 25:37 26:21 27:24 28:22 29:19 30:72 31:30 32:17 33:20 34:32 35:45 36:27 37:10 38:23 39:15 40:45 41:15 42:57 43:16 44:18 45:77 46:29 47:3 48:6 49:8 50:39 51:5 52:2 53:1 54:6 55:33 56:8 57:3 58:2 59:4 60:29 61:7 62:3 63:6 64:23 65:33 66:4 67:4 68:5 69:2 70:27 72:6 73:1 74:3 75:52 76:4 77:1 78:2 80:22 83:1 84:4 85:9 87:2 88:6 90:15 91:5 92:2 93:1 94:1 95:11 96:5 97:3 98:17 99:4 100:22 101:5 102:3 103:4 104:14 105:13 106:3 107:1 108:4 110:18 111:2 112:3 113:1 114:4 115:11 116:3 117:4 119:2 120:20 121:2 122:2 123:2 124:9 125:23 126:6 127:6 128:9 129:2 130:20 131:1 132:3 133:2 134:4 135:23 136:6 137:10 138:3 139:5 140:24 141:1 143:11 144:12 145:53 146:2 147:17 148:3 149:7 150:89 151:1 153:10 154:4 155:55 156:4 157:3 158:5 159:30 160:173 161:4
ClipAndMerge,gen_n1000000_l172_merged.fq,1000000,172,999922,831704,168218,0.199,0:708446 1:111888 2:8835 3:488 4:51 5:27 6:13 7:6 8:8 9:4 10:18 11:6 12:11 13:3 15:34 16:12 17:4 18:2 19:2 20:34 21:4 22:4 23:4 24:17 25:32 26:23 27:10 28:22 29:19 30:60 31:27 32:35 33:15 34:22 35:44 36:39 37:17 38:16 39:18 40:45 41:18 42:52 43:23 44:21 45:92 46:24 47:9 48:4 49:8 50:34 51:5 52:5 53:3 54:3 55:29 56:8 57:6 58:1 59:2 60:20 61:4 62:5 63:4 64:25 65:18 66:6 67:4 68:9 69:9 70:18 71:2 72:8 73:2 74:2 75:45 76:5 78:5 79:5 80:13 82:2 83:3 84:2 85:25 86:3 87:1 88:6 89:2 90:23 91:4 92:1 93:1 94:4 95:17 96:5 97:2 98:9 99:2 100:8 101:6 102:1 104:9 105:12 106:1 109:1 110:17 111:1 112:5 114:3 115:5 116:2 117:3 120:21 121:9 122:1 124:6 125:25 126:1 127:5 128:24 129:2 130:21 131:1 132:2 133:1 134:4 135:19 136:6 137:1 138:6 139:5 140:30 142:1 143:4 144:10 145:43 146:2 147:17 148:3 149:6 150:88 151:4 152:1 153:4 154:4 155:58 156:5 157:2 158:1 159:14 160:121 161:3 162:16
ClipAndMerge,gen_n1000000_l173_merged.fq,1000000,173,999927,829875,170052,0.202,0:704971 1:113085 2:9226 3:513 4:49 5:22 6:16 7:3 8:9 9:4 10:25 11:3 12:12 13:3 14:1 15:32 16:12 17:1 18:3 19:1 20:25 21:12 22:3 23:8 24:15 25:33 26:19 27:16 28:24 29:31 30:83 31:27 32:13 33:24 34:29 35:57 36:26 37:13 38:25 39:15 40:44 41:10 42:22 43:9 44:20 45:71 46:24 47:9 48:42 49:20 50:27 51:9 52:6 53:2 54:8 55:31 56:8 57:1 58:5 60:28 61:5 62:5 63:6 64:22 65:28 66:2 67:4 68:5 69:2 70:21 71:1 72:12 73:2 74:1 75:59 76:2 77:3 78:3 79:4 80:20 81:1 82:1 83:3 84:5 85:13 86:2 88:1 89:1 90:18 91:8 92:1 93:4 94:4 95:15 96:3 97:2 98:11 99:1 100:19 101:5 102:3 104:16 105:13 106:3 109:3 110:18 111:2 112:1 113:2 114:3 115:18 116:1 117:1 118:4 119:2 120:14 121:3 122:2 124:6 125:20 126:7 127:1 128:18 129:2 130:24 131:1 132:2 134:2 135:20 136:3 137:6 138:2 139:4 140:30 141:1 142:2 143:8 144:10 145:35 146:3 147:7 148:3 149:4 150:82 151:3 152:1 153:15 154:1 155:44 156:2 157:2 158:2 159:16 160:131 161:4 162:11 163:21
ClipAndMerge,gen_n1000000_l174_merged.fq,1000000,174,999914,826285,173629,0.201,0:700767 1:113657 2:9248 3:511 4:46 5:35 6:15 7:5 8:15 9:1 10:18 11:4 12:12 13:4 15:37 16:13 17:2 18:7 19:4 20:32 21:7 22:1 23:7 24:9 25:32 26:28 27:19 28:22 29:24 30:59 31:30 32:24 33:26 34:26 35:56 36:28 37:9 38:21 39:23 40:46 41:14 42:21 43:14 44:17 45:68 46:23 47:9 48:41 49:28 50:39 51:7 52:2 53:3 54:7 55:29 56:4 57:4 58:1 59:6 60:20 61:7 62:5 63:4 64:19 65:25 66:5 67:3 68:1 69:8 70:31 71:5 72:9 73:3 74:4 75:62 76:5 77:1 78:3 79:1 80:13 81:3 82:2 83:2 84:4 85:19 86:6 87:3 88:3 89:3 90:18 91:6 92:1 93:3 94:1 95:11 96:7 97:5 98:9 99:6 100:19 101:6 102:9 103:2 104:8 105:11 106:3 107:2 108:1 110:14 112:5 113:1 114:2 115:15 116:3 117:1 118:1 119:2 120:20 121:10 122:3 124:8 125:20 126:1 127:2 128:15 129:7 130:24 131:2 132:3 133:1 134:8 135:17 136:8 137:4 138:2 139:4 140:36 143:4 144:11 145:26 146:5 147:12 148:4 149:3 150:64 151:2 152:3 153:8 154:12 155:43 156:1 157:2 159:11 160:84 161:4 162:8 163:19 164:46
ClipAndMerge,gen_n1000000_l175_merged.fq,1000000,175,999925,824841,175084,0.224,0:698017 1:114341 2:9608 3:583 4:49 5:26 6:24 7:3 8:16 9:8 10:15 11:2 12:18 14:2 15:35 16:16 17:1 18:4 19:3 20:29 21:7 22:2 23:3 24:9 25:21 26:34 27:11 28:29 29:16 30:79 31:22 32:25 33:17 34:23 35:40 36:17 37:13 38:20 39:28 40:41 41:19 42:29 43:15 44:17 45:42 46:21 47:9 48:39 49:30 50:79 51:14 52:6 53:1 54:12 55:25 56:7 57:1 58:3 59:3 60:21 61:3 62:10 63:4 64:20 65:25 66:7 67:1 68:7 69:3 70:28 71:8 72:8 73:4 74:3 75:62 76:7 77:1 78:3 80:25 81:2 83:3 84:2 85:20 86:2 87:2 88:3 89:3 90:17 91:2 92:1 93:1 94:6 95:11 96:4 97:3 98:6 99:3 100:15 101:10 102:2 104:5 105:16 106:3 107:3 109:1 110:12 111:1 112:5 113:1 114:4 115:7 116:5 120:21 121:4 122:3 123:1 124:4 125:22 126:8 127:3 128:20 129:3 130:34 131:1 132:1 133:4 134:3 135:36 136:4 137:4 138:1 139:4 140:23 141:1 143:1 144:17 145:26 146:1 147:9 148:4 149:4 150:60 151:2 152:1 153:11 154:11 155:115 157:1 158:2 159:11 160:58 161:3 162:2 163:13 164:32 165:192
ClipAndMerge,gen_n1000000_l176_merged.fq,1000000,176,999930,821560,178370,0.224,0:692878 1:116036 2:9740 3:580 4:49 5:33 6:16 7:5 8:16 9:6 10:19 11:1 12:19 13:2 14:3 15:30 16:9 17:2 18:3 19:1 20:35 21:7 22:9 23:6 24:8 25:34 26:19 27:30 28:34 29:25 30:47 31:28 32:30 33:17 34:26 35:43 36:39 37:11 38:19 39:15 40:50 41:9 42:35 43:17 44:13 45:51 46:16 47:12 48:41 49:39 50:69 51:22 52:3 53:3 54:12 55:37 56:5 57:1 58:7 59:7 60:22 61:4 62:6 63:2 64:26 65:29 66:4 67:1 68:1 69:4 70:19 71:7 72:7 73:3 74:3 75:68 76:4 78:4 79:2 80:17 81:3 82:3 83:2 84:4 85:17 86:6 87:1 88:2 89:2 90:17 91:2 92:1 94:1 95:12 96:2 97:1 98:17 99:4 100:14 101:12 102:4 103:3 104:13 105:18 108:4 110:12 111:4 112:4 113:1 114:5 115:19 117:3 120:26 121:2 122:2 123:1 124:9 125:21 126:4 127:2 128:14 129:3 130:29 131:3 132:2 134:1 135:28 136:5 137:3 138:1 140:20 141:2 142:2 143:3 144:8 145:42 146:1 147:5 148:3 149:4 150:42 151:1 152:2 153:14 154:10 155:103 156:6 158:2 159:9 160:79 161:4 162:3 163:8 164:21 165:159 166:26
ClipAndMerge,gen_n1000000_l177_merged.fq,1000000,177,999920,821104,178816,0.222,0:690818 1:117456 2:10049 3:529 4:59 5:23 6:12 7:5 8:6 9:2 10:14 11:3 12:18 13:6 14:2 15:24 16:2 17:4 18:2 19:2 20:35 21:11 22:2 23:3 24:8 25:32 26:12 27:21 28:17 29:32 30:60 31:28 32:27 33:25 34:21 35:43 36:31 37:12 38:28 39:22 40:39 41:14 42:23 43:22 44:15 45:50 46:20 47:9 48:36 49:28 50:78 51:21 52:17 53:1 54:11 55:26 56:7 57:4 58:4 59:3 60:23 61:3 62:6 63:4 64:21 65:25 67:3 68:3 69:5 70:30 71:9 72:6 73:1 74:6 75:67 76:7 77:1 78:3 80:17 81:6 82:2 83:3 84:5 85:15 86:3 87:3 88:1 89:6 90:19 91:7 93:1 94:4 95:11 96:3 97:3 98:10 100:26 101:7 102:6 103:1 104:12 105:9 106:2 108:1 109:1 110:9 111:4 112:4 113:1 114:3 115:15 117:2 120:13 121:5 122:1 124:2 125:29 126:2 127:3 128:20 129:3 130:22 131:6 132:5 134:1 135:21 136:12 137:6 138:5 139:3 140:29 141:3 142:1 144:13 145:31 146:1 147:3 148:4 149:2 150:36 152:4 153:9 154:5 155:89 156:7 157:4 158:4 159:7 160:59 162:4 163:12 164:26 165:159 166:17 167:37
ClipAndMerge,gen_n1000000_l178_merged.fq,1000000,178,999916,817325,182591,0.22,0:685723 1:118582 2:10160 3:583 4:49 5:27 6:15 7:4 8:13 9:3 10:15 11:4 12:18 13:2 14:1 15:24 16:5 17:3 18:5 20:29 21:10 22:3 23:4 24:6 25:39 26:26 27:26 28:18 29:21 30:70 31:35 32:12 33:16 34:24 35:51 36:24 37:21 38:19 39:23 40:53 41:21 42:37 43:17 44:8 45:39 46:29 47:17 48:37 49:33 50:68 51:21 52:23 53:17 54:11 55:37 56:5 57:4 58:4 59:3 60:24 61:2 62:5 63:8 64:19 65:27 66:2 67:3 68:4 69:6 70:30 71:5 72:7 73:4 74:3 75:44 76:10 77:1 78:5 79:1 80:34 81:2 82:3 83:1 84:7 85:12 86:2 87:1 88:3 89:3 90:18 91:3 92:1 93:4 94:2 95:21 96:9 97:2 98:15 99:1 100:11 101:10 102:1 103:1 104:5 105:12 107:1 108:4 109:1 110:11 112:2 113:4 114:4 115:16 116:1 117:1 118:3 119:1 120:23 121:3 123:2 124:11 125:21 126:6 127:6 128:19 129:4 130:16 131:1 133:2 134:5 135:19 136:10 137:4 138:5 139:2 140:24 141:2 143:3 144:9 145:31 146:1 147:10 148:1 149:3 150:49 151:1 152:4 153:6 154:5 155:84 156:7 157:4 158:2 159:6 160:41 161:4 162:1 163:5 164:27 165:125 166:9 167:24 168:38
ClipAndMerge,gen_n1000000_l179_merged.fq,1000000,179,999920,816686,183234,0.229,0:683397 1:119528 2:10732 3:642 4:54 5:20 6:23 7:5 8:15 9:2 10:26 11:3 12:12 13:5 14:1 15:40 16:18 17:1 18:2 19:1 20:37 21:10 22:5 23:5 24:9 25:28 26:14 27:6 28:23 29:26 30:64 31:29 32:22 33:20 34:27 35:62 36:29 37:16 38:13 39:24 40:55 41:15 42:26 43:21 44:13 45:36 46:21 47:11 48:21 49:25 50:85 51:21 52:20 53:18 54:45 55:39 56:8 57:1 58:2 59:3 60:17 61:5 62:10 63:4 64:35 65:30 66:7 67:1 68:8 69:3 70:27 71:2 72:6 73:2 74:1 75:67 76:7 78:1 79:1 80:28 82:4 83:1 84:9 85:26 86:4 87:1 88:2 89:4 90:22 91:1 92:2 93:1 94:5 95:16 96:11 97:5 98:13 99:1 100:10 101:7 102:4 103:1 104:14 105:11 106:1 107:1 108:3 109:1 110:12 111:2 112:3 113:1 114:6 115:13 116:4 117:5 118:1 119:1 120:18 121:8 122:1 124:3 125:12 126:4 127:2 128:14 129:2 130:13 132:1 134:2 135:19 136:6 137:5 138:4 139:2 140:21 141:1 142:1 143:2 144:12 145:24 146:1 147:7 148:1 149:2 150:37 151:2 152:2 153:8 154:3 155:75 156:7 157:2 158:1 159:19 160:38 162:1 163:6 164:19 165:103 166:8 167:26 168:41 169:127
ClipAndMerge,gen_n1000000_l17_merged.fq,1000000,17,999905,956475,43430,0.004,0:956318 1:23 2:13 3:5 4:21 5:70 6:15 7:10
ClipAndMerge,gen_n1000000_l180_merged.fq,1000000,180,999915,813478,186437,0.261,0:678699 1:120811 2:10688 3:646 4:48 5:25 6:13 7:4 8:11 9:2 10:16 11:3 12:10 13:9 14:2 15:25 16:16 17:2 18:8 19:1 20:30 21:8 22:7 23:6 24:10 25:27 26:17 27:4 28:25 29:32 30:65 31:34 32:23 33:29 34:25 35:42 36:29 37:17 38:19 39:15 40:57 41:14 42:29 43:13 44:20 45:30 46:17 47:18 48:25 49:23 50:61 51:11 52:20 53:17 54:48 55:57 56:14 57:4 58:7 59:6 60:26 61:5 62:7 63:4 64:20 65:22 66:11 67:2 68:5 69:5 70:21 71:5 72:10 73:4 74:2 75:74 76:8 77:2 78:3 79:3 80:27 81:4 82:1 83:1 84:7 85:20 86:5 87:4 88:6 89:1 90:21 91:5 92:6 93:1 94:3 95:11 96:3 97:3 98:13 99:3 100:11 101:6 102:1 104:5 105:13 106:3 107:1 108:1 110:9 111:4 112:2 113:2 114:3 115:13 116:2 117:2 118:3 119:5 120:23 121:2 122:2 123:3 124:4 125:14 126:3 127:3 128:15 129:3 130:20 131:3 133:1 134:7 135:26 136:5 137:5 138:5 139:1 140:34 141:2 143:2 144:12 145:28 146:1 147:7 148:5 149:5 150:30 151:4 152:1 153:6 154:5 155:66 156:2 157:4 158:2 159:10 160:123 161:2 163:4 164:11 165:86 166:8 167:17 168:25 169:109 170:258
ClipAndMerge,gen_n1000000_l181_merged.fq,1000000,181,999924,811311,188613,0.27,0:675226 1:121683 2:11021 3:660 4:68 5:35 6:17 7:1 8:6 9:3 10:17 11:5 12:24 13:2 14:4 15:36 16:8 17:5 18:5 19:2 20:28 21:11 22:2 23:5 24:14 25:23 26:22 27:9 28:9 29:17 30:74 31:28 32:26 33:30 34:28 35:51 36:26 37:15 38:27 39:31 40:41 41:11 42:31 43:11 44:20 45:35 46:21 47:12 48:21 49:29 50:40 51:23 52:17 53:20 54:42 55:58 56:32 57:5 58:4 59:5 60:24 61:7 62:7 63:1 64:16 65:25 66:3 67:2 68:4 69:5 70:23 71:4 72:10 73:5 74:2 75:60 76:7 77:2 78:2 80:16 83:1 84:6 85:20 86:6 87:2 88:3 89:2 90:13 91:4 92:2 93:1 94:4 95:10 96:6 97:1 98:13 99:1 100:19 101:3 102:2 104:23 105:14 106:1 107:1 108:4 109:2 110:11 111:1 112:4 113:1 114:3 115:5 116:6 117:2 118:2 119:1 120:17 121:4 123:2 124:7 125:19 126:4 127:5 128:20 129:2 130:16 131:1 132:4 133:3 134:5 135:27 136:7 137:4 138:6 139:7 140:25 142:1 143:3 144:14 145:28 146:3 147:6 148:1 149:4 150:34 152:2 153:6 154:7 155:75 156:6 157:1 158:3 159:12 160:113 161:5 163:2 164:9 165:65 166:4 167:10 168:24 169:89 170:237 171:155
ClipAndMerge,gen_n1000000_l182_merged.fq,1000000,182,999910,809205,190705,0.264,0:671766 1:122913 2:11126 3:748 4:55 5:30 6:12 7:2 8:9 9:3 10:24 11:4 12:18 13:3 14:4 15:29 16:13 17:2 18:2 19:3 20:37 21:4 22:6 23:5 24:9 25:39 26:15 27:6 28:7 29:26 30:56 31:34 32:23 33:20 34:37 35:45 36:26 37:17 38:27 39:17 40:52 41:21 42:20 43:14 44:14 45:32 46:14 47:10 48:29 49:32 50:55 51:13 52:23 53:14 54:40 55:58 56:35 57:13 58:6 59:1 60:38 61:1 62:7 63:3 64:26 65:21 66:3 67:1 68:5 69:4 70:24 71:6 72:9 73:1 74:1 75:61 76:7 78:4 79:2 80:27 81:1 83:2 84:13 85:23 86:3 87:5 88:2 89:3 90:22 92:1 93:4 94:1 95:14 96:7 97:4 98:12 99:1 100:12 101:5 102:1 103:1 104:17 105:13 106:5 107:1 108:4 109:1 110:13 111:2 112:2 114:2 115:10 116:2 117:1 120:22 121:5 122:2 123:2 124:6 125:12 126:3 127:3 128:23 129:8 130:20 131:1 132:3 133:1 134:5 135:26 136:8 137:6 138:2 139:3 140:26 141:1 142:2 143:4 144:4 145:15 146:2 147:6 148:1 149:2 150:21 151:3 152:2 153:9 154:3 155:50 156:5 157:2 158:6 159:9 160:91 161:2 162:6 163:1 164:8 165:70 166:2 167:8 168:17 169:73 170:195 171:152 172:67
ClipAndMerge,gen_n1000000_l183_merged.fq,1000000,183,999924,806171,193753,0.265,0:667739 1:123399 2:11612 3:718 4:63 5:47 6:21 7:1 8:9 9:1 10:19 11:6 12:12 14:1 15:43 16:14 17:2 18:1 19:1 20:26 21:8 22:11 23:3 24:12 25:34 26:14 27:5 28:8 29:11 30:56 31:27 32:32 33:21 34:23 35:46 36:31 37:12 38:28 39:19 40:42 41:17 42:32 43:28 44:14 45:42 46:26 47:11 48:24 49:26 50:54 51:16 52:24 53:17 54:48 55:61 56:36 57:8 58:20 59:6 60:24 61:5 62:7 63:3 64:7 65:28 66:8 67:1 68:9 69:6 70:19 71:1 72:13 73:1 74:3 75:64 76:6 77:1 78:6 79:2 80:34 81:4 82:2 84:14 85:24 86:1 88:3 89:3 90:15 91:5 92:3 93:1 94:3 95:12 96:5 97:7 98:16 99:5 100:9 101:6 102:5 104:16 105:10 106:2 107:1 109:1 110:11 111:1 112:2 114:2 115:18 116:1 117:1 118:2 119:3 120:26 121:8 122:3 123:2 124:6 125:18 126:8 127:5 128:29 129:5 130:21 131:3 132:2 133:1 134:4 135:27 136:4 137:3 138:4 139:1 140:21 141:2 142:3 143:1 144:8 145:21 146:1 147:4 148:1 149:4 150:32 151:2 153:6 154:6 155:52 156:3 158:3 159:17 160:112 161:4 162:4 163:8 164:8 165:47 166:1 167:11 168:12 169:54 170:172 171:101 172:84 173:36
ClipAndMerge,gen_n1000000_l184_merged.fq,1000000,184,999926,804064,195862,0.261,0:664166 1:124817 2:11718 3:749 4:49 5:26 6:7 7:1 8:13 9:3 10:15 11:10 12:11 14:1 15:23 16:9 17:4 18:3 19:4 20:25 21:12 22:3 23:11 24:9 25:37 26:14 27:7 28:11 29:8 30:58 31:25 32:21 33:18 34:26 35:41 36:25 37:18 38:17 39:22 40:37 41:19 42:27 43:21 44:18 45:36 46:20 47:10 48:25 49:29 50:68 51:22 52:25 53:12 54:43 55:67 56:36 57:10 58:26 59:15 60:23 61:6 62:4 63:2 64:32 65:20 66:7 67:1 68:5 69:6 70:24 71:9 72:17 73:1 74:6 75:46 76:8 77:1 78:5 79:2 80:23 81:1 82:2 83:1 84:10 85:26 86:3 87:2 88:6 89:5 90:34 91:2 92:2 93:1 94:1 95:22 96:2 97:1 98:14 99:3 100:15 101:6 102:2 104:10 105:18 106:1 107:1 108:4 109:2 110:19 111:1 112:4 114:6 115:13 118:5 119:3 120:28 121:12 122:3 123:2 124:8 125:9 126:8 127:2 128:12 129:4 130:22 131:1 132:4 133:3 134:5 135:22 136:6 137:8 138:6 139:5 140:32 141:3 143:4 144:9 145:19 146:2 147:10 148:2 149:3 150:22 151:1 152:2 153:5 154:6 155:47 156:2 157:1 159:6 160:83 161:3 162:5 163:10 164:24 165:47 166:2 167:6 168:17 169:37 170:146 171:98 172:57 173:27 174:57
ClipAndMerge,gen_n1000000_l185_merged.fq,1000000,185,999927,802994,196933,0.287,0:661006 1:126060 2:12259 3:787 4:65 5:33 6:22 7:5 8:14 9:1 10:17 11:5 12:14 13:4 14:1 15:34 16:15 17:2 18:5 19:4 20:23 21:7 22:6 23:12 24:11 25:31 26:20 27:10 28:13 29:10 30:41 31:30 32:22 33:23 34:30 35:59 36:24 37:14 38:24 39:18 40:48 41:21 42:34 43:13 44:15 45:38 46:23 47:13 48:29 49:22 50:37 51:18 52:28 53:11 54:32 55:56 56:25 57:15 58:24 59:8 60:89 61:13 62:4 63:4 64:21 65:21 66:2 67:3 68:7 69:4 70:27 71:5 72:5 74:1 75:68 76:8 78:5 79:4 80:19 81:5 82:1 84:10 85:21 86:5 87:1 88:4 89:1 90:26 91:5 92:1 93:1 94:1 95:18 96:5 97:3 98:9 99:1 100:13 101:6 102:3 103:3 104:10 105:9 106:1 107:2 108:1 109:1 110:15 111:3 112:7 114:1 115:12 116:3 117:3 118:1 119:3 120:22 121:3 122:1 123:1 124:6 125:15 126:6 127:4 128:18 129:7 130:12 131:2 132:6 134:3 135:25 136:6 137:8 138:2 139:2 140:23 141:1 142:4 143:1 144:8 145:26 146:2 147:6 148:1 149:3 150:21 151:2 152:2 153:7 154:3 155:44 156:5 157:2 159:7 160:65 161:4 162:2 163:6 164:18 165:145 166:2 167:7 168:12 169:27 170:90 171:75 172:55 173:20 174:59 175:274
ClipAndMerge,gen_n1000000_l186_merged.fq,1000000,186,999915,799376,200539,0.286,0:656373 1:126772 2:12467 3:860 4:65 5:35 6:17 7:11 8:12 9:2 10:18 11:1 12:12 13:2 14:2 15:26 16:7 17:3 18:14 19:3 20:35 21:13 22:4 23:3 24:7 25:24 26:20 27:14 28:13 29:4 30:32 31:35 32:28 33:26 34:26 35:41 36:25 37:27 38:20 39:15 40:48 41:16 42:32 43:19 44:17 45:30 46:16 47:13 48:23 49:33 50:59 51:21 52:21 53:14 54:42 55:47 56:34 57:10 58:23 59:13 60:83 61:11 62:11 63:5 64:19 65:36 66:6 67:1 68:8 69:7 70:28 71:11 72:6 73:4 74:2 75:68 76:8 77:1 78:4 79:2 80:34 81:6 82:3 83:1 84:14 85:24 86:2 87:4 88:6 89:1 90:22 91:1 92:3 93:3 94:3 95:22 96:4 97:2 98:19 99:1 100:18 101:3 102:4 103:1 104:7 105:12 106:4 107:2 108:4 109:2 110:13 111:2 112:5 113:1 114:5 115:15 116:4 117:3 118:1 119:2 120:11 121:7 122:2 123:2 124:7 125:14 126:6 127:3 128:27 129:4 130:27 132:1 133:1 134:2 135:36 136:5 137:8 139:2 140:26 141:1 142:2 143:4 144:9 145:12 146:1 147:5 148:6 149:2 150:24 151:4 152:4 153:5 154:6 155:42 156:3 157:3 158:1 159:8 160:67 161:4 162:3 163:5 164:16 165:114 166:12 167:6 168:9 169:17 170:78 171:63 172:52 173:28 174:48 175:235 176:37
ClipAndMerge,gen_n1000000_l187_merged.fq,1000000,187,999925,797366,202559,0.273,0:653262 1:127894 2:12682 3:783 4:61 5:34 6:11 7:4 8:10 9:1 10:21 11:10 12:15 13:9 14:3 15:33 16:9 17:4 18:8 19:5 20:39 21:6 22:1 23:8 24:13 25:28 26:23 27:8 28:15 29:10 30:44 31:21 32:22 33:13 34:34 35:35 36:25 37:14 38:23 39:15 40:32 41:21 42:34 43:20 44:18 45:29 46:19 47:10 48:18 49:33 50:46 51:25 52:23 53:17 54:33 55:44 56:29 57:17 58:12 59:13 60:93 61:15 62:21 63:6 64:19 65:27 66:7 68:7 69:4 70:11 71:7 72:8 73:4 74:3 75:56 76:5 77:3 78:7 79:2 80:27 81:5 83:1 84:8 85:19 86:3 87:2 88:3 89:1 90:28 91:4 93:3 94:2 95:18 96:3 97:8 98:8 99:2 100:14 101:6 102:4 103:1 104:14 105:15 106:2 108:4 109:2 110:18 111:3 112:5 114:3 115:20 116:8 117:3 119:2 120:25 121:4 122:4 123:2 124:9 125:22 126:4 127:6 128:23 129:4 130:21 131:1 132:3 134:6 135:17 136:6 137:4 138:1 139:4 140:21 141:4 142:1 143:1 144:7 145:22 147:9 148:4 149:3 150:24 151:1 152:2 153:9 154:1 155:35 156:2 157:1 158:2 159:6 160:57 161:2 162:3 163:3 164:11 165:115 166:15 167:18 168:17 169:10 170:93 171:51 172:39 173:20 174:42 175:200 176:17 177:9
ClipAndMerge,gen_n1000000_l188_merged.fq,1000000,188,999917,795029,204888,0.261,0:649574 1:129119 2:12777 3:866 4:59 5:33 6:22 7:5 8:20 9:4 10:17 11:7 12:12 13:3 14:1 15:33 16:6 17:4 18:5 19:4 20:24 21:10 22:6 23:8 24:8 25:33 26:15 27:10 28:15 29:10 30:48 31:17 32:22 33:15 34:34 35:37 36:26 37:13 38:21 39:27 40:45 41:17 42:40 43:30 44:10 45:34 46:14 47:10 48:26 49:34 50:52 51:21 52:20 53:20 54:33 55:46 56:31 57:12 58:16 59:6 60:104 61:14 62:28 63:22 64:18 65:29 66:9 67:1 68:5 69:4 70:28 71:6 72:9 73:5 74:3 75:82 76:10 78:2 80:31 81:4 83:1 84:12 85:29 86:6 87:2 88:4 89:4 90:26 91:5 92:2 93:3 94:1 95:16 96:4 97:7 98:15 99:2 100:15 101:9 102:4 103:1 104:7 105:14 106:1 108:4 109:1 110:17 111:1 112:4 114:2 115:10 116:1 117:1 118:2 120:22 121:6 122:3 123:1 124:14 125:21 126:5 128:28 129:2 130:16 131:2 132:3 133:1 134:2 135:20 136:6 137:5 138:4 139:2 140:16 144:9 145:28 146:4 147:6 148:4 149:2 150:28 151:2 153:2 154:3 155:35 156:3 157:3 158:1 159:5 160:55 161:1 162:1 163:4 164:7 165:88 166:12 167:15 168:36 169:8 170:59 171:26 172:23 173:32 174:30 175:150 176:12 177:9 178:13
ClipAndMerge,gen_n1000000_l189_merged.fq,1000000,189,999930,792991,206939,0.268,0:646404 1:130046 2:12894 3:874 4:68 5:43 6:20 7:2 8:13 9:5 10:18 11:5 12:11 13:3 14:4 15:24 16:13 17:1 18:1 19:1 20:31 21:9 22:6 23:9 24:9 25:32 26:13 27:11 28:14 29:9 30:59 31:11 32:10 33:33 34:21 35:49 36:27 37:7 38:27 39:18 40:31 41:15 42:39 43:27 44:24 45:35 46:20 47:11 48:24 49:31 50:44 51:20 52:19 53:12 54:30 55:40 56:26 57:12 58:19 59:11 60:89 61:25 62:29 63:8 64:94 65:57 66:5 68:7 69:7 70:29 71:8 72:6 73:3 74:3 75:71 76:9 78:4 79:2 80:29 81:6 83:1 84:11 85:32 86:4 88:3 89:2 90:22 91:4 92:1 93:3 94:4 95:13 96:3 97:7 98:15 99:2 100:13 101:3 102:2 103:1 104:13 105:13 106:1 107:3 109:2 110:9 111:4 112:5 113:2 114:1 115:17 116:1 117:3 118:1 119:1 120:20 121:6 122:2 123:1 124:6 125:16 126:5 127:5 128:24 129:2 130:18 131:1 132:1 133:1 134:2 135:23 136:5 137:7 138:2 139:3 140:19 141:1 142:3 143:1 144:2 145:22 146:4 147:17 148:1 149:3 150:16 151:1 152:2 153:3 154:6 155:27 156:4 157:3 159:7 160:50 161:2 162:2 163:6 164:12 165:73 166:6 167:18 168:30 169:75 170:53 171:27 172:28 173:11 174:16 175:145 176:9 177:8 178:7 179:63
ClipAndMerge,gen_n1000000_l18_merged.fq,1000000,18,999914,953890,46024,0.004,0:953759 1:11 2:8 3:4 4:23 5:44 6:13 7:6 8:22
ClipAndMerge,gen_n1000000_l190_merged.fq,1000000,190,999924,791334,208590,0.315,0:642094 1:131475 2:13591 3:970 4:93 5:24 6:26 7:6 8:11 9:4 10:23 11:3 12:13 13:1 14:1 15:25 16:10 17:1 18:3 19:2 20:31 21:12 22:3 23:8 24:11 25:38 26:14 27:5 28:18 29:15 30:45 31:15 32:11 33:22 34:20 35:44 36:21 37:11 38:22 39:22 40:44 41:18 42:30 43:18 44:22 45:25 46:25 47:16 48:23 49:36 50:49 51:18 52:24 53:17 54:31 55:46 56:30 57:10 58:17 59:11 60:100 61:22 62:22 63:17 64:81 65:73 66:15 68:7 69:7 70:19 71:3 72:9 73:4 74:2 75:87 76:8 77:3 78:3 79:2 80:27 81:5 82:3 83:1 84:9 85:23 86:5 87:3 88:4 89:3 90:25 91:6 92:1 93:1 94:2 95:16 96:3 97:3 98:10 99:4 100:18 101:7 102:4 103:2 104:10 105:16 106:2 107:1 109:1 110:19 111:1 112:6 113:1 114:6 115:11 116:7 117:2 119:1 120:21 121:8 122:3 123:3 124:4 125:14 126:4 127:1 128:22 129:2 130:16 131:1 132:4 133:1 134:14 135:30 136:6 137:4 138:5 139:6 140:26 141:1 142:1 143:1 144:7 145:26 146:1 147:7 148:2 149:4 150:30 151:2 153:9 154:3 155:32 156:4 157:3 158:4 159:3 160:52 161:2 162:2 163:2 164:8 165:73 166:6 167:14 168:18 169:59 170:187 171:20 172:24 173:14 174:16 175:108 176:7 177:7 178:12 179:52 180:289
ClipAndMerge,gen_n1000000_l191_merged.fq,1000000,191,999921,786542,213379,0.301,0:636971 1:131843 2:13748 3:917 4:89 5:35 6:24 7:8 8:11 9:5 10:13 11:1 12:8 13:3 15:29 16:8 17:6 18:3 19:2 20:33 21:11 22:10 23:5 24:16 25:38 26:13 27:6 28:22 29:10 30:48 31:10 32:16 33:9 34:23 35:41 36:27 37:20 38:26 39:18 40:42 41:11 42:41 43:15 44:16 45:31 46:22 47:15 48:18 49:33 50:49 51:15 52:14 53:12 54:34 55:46 56:30 57:14 58:22 59:12 60:54 61:17 62:17 63:19 64:95 65:63 66:42 67:6 68:5 69:4 70:24 71:5 72:11 73:1 74:2 75:58 76:5 77:2 78:6 79:6 80:33 81:3 82:2 83:2 84:11 85:34 86:11 87:2 88:6 89:3 90:25 91:3 92:2 93:1 94:5 95:9 96:9 97:8 98:19 99:2 100:12 101:7 102:6 103:5 104:12 105:15 106:3 107:3 108:3 109:3 110:16 111:4 112:1 114:3 115:15 116:1 117:1 120:16 121:6 122:4 123:1 124:9 125:18 126:5 127:3 128:23 130:21 131:1 132:5 133:1 134:2 135:14 136:4 137:3 138:3 139:5 140:20 141:1 142:3 143:2 144:11 145:16 146:3 147:8 148:3 149:3 150:31 152:5 153:7 154:3 155:22 156:4 157:1 158:2 159:8 160:45 162:2 163:2 164:10 165:81 166:3 167:11 168:22 169:32 170:165 171:100 172:19 173:10 174:11 175:94 176:5 177:1 178:5 179:51 180:206 181:10
ClipAndMerge,gen_n1000000_l192_merged.fq,1000000,192,999907,783699,216208,0.294,0:632186 1:133440 2:14002 3:1017 4:78 5:50 6:26 7:8 8:15 9:5 10:21 11:6 12:11 13:3 14:2 15:34 16:8 17:2 18:6 19:1 20:28 21:11 22:4 23:8 24:16 25:29 26:13 27:4 28:15 29:9 30:52 31:15 32:8 33:3 34:30 35:42 36:24 37:21 38:18 39:17 40:43 41:9 42:36 43:19 44:14 45:32 46:17 47:11 48:19 49:25 50:64 51:15 52:22 53:29 54:34 55:55 56:28 57:15 58:15 59:13 60:76 61:16 62:41 63:10 64:111 65:94 66:45 67:16 68:6 69:5 70:23 71:12 72:4 73:5 74:3 75:63 76:5 77:1 78:6 79:2 80:30 81:3 84:15 85:19 86:2 87:1 88:9 89:1 90:23 91:1 92:2 93:1 94:3 95:15 96:9 97:6 98:16 99:4 100:17 101:7 102:4 104:10 105:11 106:3 108:4 109:1 110:16 111:2 112:2 114:8 115:17 116:1 117:2 118:2 119:2 120:10 121:6 122:5 123:1 124:5 125:16 126:7 127:3 128:24 129:1 130:19 131:2 132:1 134:5 135:25 136:11 137:4 138:1 139:3 140:18 141:1 142:1 143:2 144:10 145:17 146:3 147:9 148:5 150:24 151:1 152:3 153:11 154:4 155:21 157:1 158:1 159:11 160:42 162:2 163:5 164:10 165:59 167:11 168:20 169:25 170:124 171:68 172:51 173:13 174:12 175:90 176:3 178:3 179:38 180:195 181:7 182:13
ClipAndMerge,gen_n1000000_l193_merged.fq,1000000,193,999920,782178,217742,0.285,0:630342 1:133866 2:14000 3:1011 4:88 5:29 6:25 7:9 8:13 9:8 10:19 11:7 12:12 13:1 14:6 15:29 16:8 17:4 18:5 19:5 20:26 21:8 22:4 23:5 24:20 25:27 26:20 27:9 28:19 29:11 30:53 31:18 32:9 33:17 34:12 35:52 36:19 37:9 38:13 39:22 40:39 41:9 42:26 43:19 44:19 45:24 46:18 47:14 48:25 49:27 50:44 51:15 52:21 53:13 54:41 55:43 56:28 57:13 58:22 59:13 60:64 61:15 62:31 63:23 64:84 65:70 66:48 67:17 68:34 69:9 70:37 71:6 72:8 73:2 74:4 75:79 76:5 77:2 78:4 79:2 80:27 81:3 83:3 84:10 85:21 86:12 87:1 89:2 90:32 91:5 93:4 94:4 95:19 96:4 97:2 98:12 99:1 100:13 101:4 102:2 103:1 104:19 105:16 106:2 107:2 108:3 109:2 110:14 111:1 112:1 113:4 114:6 115:16 116:7 118:1 119:2 120:24 121:7 122:2 123:2 124:8 125:15 126:10 127:5 128:34 129:3 130:21 131:1 132:2 134:4 135:17 136:6 137:4 138:3 139:3 140:25 141:1 142:1 143:3 144:16 145:17 146:2 147:4 148:2 149:5 150:15 152:5 153:4 154:3 155:22 157:2 158:1 159:4 160:38 161:4 162:3 163:3 164:9 165:53 166:3 167:10 168:18 169:17 170:136 171:47 172:41 173:30 174:10 175:75 176:2 177:1 178:4 179:32 180:166 181:3 182:2 183:13
ClipAndMerge,gen_n1000000_l194_merged.fq,1000000,194,999925,780442,219483,0.286,0:627481 1:134549 2:14394 3:1056 4:94 5:44 6:24 7:6 8:17 9:6 10:16 11:5 12:11 13:4 15:22 16:12 17:2 18:4 19:1 20:34 21:11 22:4 23:8 24:15 25:29 26:19 27:7 28:8 29:12 30:49 31:17 32:21 33:10 34:14 35:41 36:29 37:17 38:19 39:19 40:44 41:17 42:29 43:11 44:14 45:50 46:17 47:12 48:18 49:29 50:52 51:20 52:22 53:20 54:38 55:36 56:37 57:7 58:19 59:8 60:54 61:13 62:23 63:21 64:103 65:73 66:45 67:12 68:35 69:11 70:26 71:5 72:8 73:1 74:2 75:70 76:9 77:2 78:3 79:3 80:25 81:4 82:4 83:1 84:5 85:23 86:2 87:1 88:3 89:2 90:22 91:6 92:3 93:1 94:2 95:17 96:5 97:2 98:22 99:4 100:12 101:6 102:4 104:13 105:15 106:4 108:2 109:3 110:19 111:2 112:4 114:3 115:8 116:3 117:3 118:4 119:2 120:19 121:5 122:5 123:2 124:7 125:22 126:2 127:4 128:24 129:5 130:17 132:3 133:2 134:4 135:15 136:8 137:7 138:2 139:2 140:18 141:1 142:2 143:3 144:8 145:18 146:6 147:9 148:1 149:5 150:26 152:2 153:8 154:2 155:31 156:2 157:1 158:1 159:7 160:32 161:4 162:5 163:3 164:6 165:56 166:3 167:5 168:18 169:14 170:116 171:44 172:40 173:33 174:49 175:66 176:2 177:4 178:2 179:18 180:126 181:10 182:5 183:10 184:54
ClipAndMerge,gen_n1000000_l195_merged.fq,1000000,195,999921,778051,221870,0.318,0:622643 1:136254 2:14837 3:1085 4:90 5:42 6:20 7:7 8:16 9:5 10:23 11:9 12:15 13:4 14:2 15:19 16:11 17:1 18:2 19:1 20:38 21:12 22:3 23:10 24:12 25:25 26:14 27:13 28:11 29:13 30:52 31:19 32:16 33:7 34:9 35:30 36:35 37:10 38:22 39:18 40:37 41:17 42:34 43:20 44:18 45:41 46:16 47:13 48:31 49:42 50:32 51:10 52:18 53:13 54:45 55:29 56:35 57:8 58:32 59:6 60:59 61:13 62:26 63:21 64:82 65:53 66:51 67:12 68:32 69:12 70:71 71:17 72:10 73:1 74:3 75:64 76:4 78:2 79:5 80:37 81:8 82:3 83:1 84:11 85:34 86:3 87:2 88:3 89:6 90:34 91:6 92:2 93:1 94:2 95:19 96:7 97:5 98:11 100:18 101:4 102:5 103:1 104:12 105:13 107:2 109:3 110:12 112:2 114:4 115:16 116:3 117:1 118:3 119:3 120:18 121:7 122:3 123:1 124:8 125:17 126:5 127:3 128:17 129:3 130:10 132:2 133:1 134:3 135:19 136:8 137:2 138:1 139:2 140:20 141:1 142:3 144:11 145:20 147:13 148:4 149:3 150:24 151:1 152:5 153:8 154:2 155:24 156:1 157:2 159:5 160:28 161:1 162:2 163:3 164:7 165:61 166:3 167:9 168:20 169:15 170:101 171:43 172:33 173:30 174:35 175:197 176:1 177:1 178:2 179:22 180:82 181:3 182:5 183:10 184:44 185:229
ClipAndMerge,gen_n1000000_l196_merged.fq,1000000,196,999940,776104,223836,0.304,0:619264 1:137525 2:15140 3:1073 4:97 5:35 6:18 7:7 8:15 9:6 10:24 11:5 12:17 13:5 14:3 15:22 16:13 18:4 19:3 20:28 21:12 22:2 23:4 24:7 25:23 26:18 27:6 28:9 29:16 30:48 31:13 32:15 33:8 34:9 35:41 36:34 37:23 38:21 39:12 40:43 41:14 42:38 43:17 44:13 45:41 46:18 47:12 48:25 49:35 50:42 51:22 52:18 53:16 54:40 55:50 56:40 57:10 58:14 59:3 60:53 61:18 62:28 63:7 64:91 65:56 66:39 67:8 68:30 69:11 70:73 71:11 72:14 73:1 74:1 75:74 76:13 77:1 78:3 79:1 80:28 81:4 82:3 83:1 84:17 85:29 86:7 87:1 88:4 89:4 90:32 91:1 93:1 94:3 95:16 96:5 97:5 98:18 99:3 100:21 101:6 103:1 104:11 105:20 106:5 107:1 108:2 110:9 111:1 112:9 114:6 115:13 116:3 117:1 118:2 119:3 120:24 121:3 122:1 124:3 125:16 126:6 127:3 128:26 129:3 130:19 131:2 132:3 133:3 134:2 135:18 136:10 137:3 138:1 139:1 140:18 141:2 143:2 144:12 145:23 146:3 147:9 148:3 149:1 150:20 152:2 153:9 154:1 155:40 157:1 158:2 159:5 160:30 161:1 162:4 163:3 164:8 165:47 166:4 167:4 168:11 169:16 170:74 171:36 172:41 173:18 174:30 175:158 176:5 178:2 179:17 180:72 181:1 182:1 183:7 184:40 185:194 186:15
ClipAndMerge,gen_n1000000_l197_merged.fq,1000000,197,999919,773712,226207,0.296,0:615582 1:138280 2:15684 3:1139 4:97 5:37 6:14 7:5 8:16 9:9 10:18 11:6 12:17 13:10 14:1 15:33 16:14 17:1 18:6 19:2 20:32 21:10 22:9 23:4 24:18 25:28 26:24 27:6 28:18 29:11 30:43 31:18 32:16 33:11 34:9 35:42 36:16 37:12 38:22 39:17 40:45 41:16 42:24 43:17 44:20 45:29 46:17 47:9 48:22 49:27 50:43 51:15 52:23 53:13 54:36 55:44 56:32 57:8 58:20 59:10 60:57 61:12 62:26 63:16 64:76 65:45 66:30 67:13 68:38 69:10 70:74 71:18 72:44 73:4 74:3 75:66 76:6 78:4 79:1 80:31 81:3 83:1 84:9 85:24 86:5 87:2 88:2 89:2 90:28 91:4 92:2 93:2 94:5 95:15 96:6 97:6 98:15 99:4 100:21 101:4 102:4 103:4 104:9 105:17 106:3 108:1 109:2 110:21 111:2 112:5 113:1 114:4 115:13 116:5 117:4 118:4 119:2 120:19 121:4 122:1 123:2 124:3 125:25 126:9 127:2 128:30 129:3 130:22 131:1 132:5 133:1 134:7 135:18 136:7 137:3 138:1 139:1 140:16 141:1 142:2 143:1 144:7 145:17 146:2 147:9 148:3 150:25 152:1 153:9 154:3 155:22 156:2 158:1 159:1 160:25 162:1 163:4 164:6 165:43 166:3 167:7 168:21 169:12 170:78 171:31 172:35 173:22 174:31 175:150 176:6 177:6 178:2 179:13 180:55 181:4 182:3 183:7 184:19 185:173 186:16 187:11
ClipAndMerge,gen_n1000000_l198_merged.fq,1000000,198,999913,771431,228482,0.298,0:611961 1:139289 2:15863 3:1224 4:107 5:34 6:16 8:18 9:6 10:19 11:9 12:12 13:4 14:2 15:27 16:21 17:1 18:4 19:2 20:32 21:12 22:5 23:11 24:19 25:23 26:12 27:8 28:11 29:20 30:42 31:27 32:14 33:11 34:7 35:30 36:19 37:17 38:21 39:19 40:46 41:15 42:42 43:16 44:14 45:28 46:30 47:8 48:15 49:31 50:49 51:23 52:27 53:24 54:36 55:49 56:32 57:13 58:20 59:12 60:75 61:17 62:18 63:19 64:82 65:59 66:26 67:12 68:27 69:10 70:64 71:15 72:48 73:7 74:2 75:64 76:11 77:2 78:6 79:5 80:32 81:8 82:3 83:1 84:15 85:26 86:5 87:2 88:7 89:5 90:35 91:2 93:4 95:13 96:5 97:5 98:15 99:3 100:24 101:6 102:4 104:13 105:17 106:3 107:2 108:1 110:7 112:6 114:4 115:13 116:1 117:5 118:3 120:19 121:5 122:3 124:3 125:14 126:4 127:5 128:27 129:6 130:12 134:1 135:28 136:13 137:7 138:2 139:5 140:16 141:5 142:1 143:2 144:9 145:15 146:1 147:7 148:4 149:3 150:23 151:1 152:1 153:14 154:2 155:20 156:4 157:1 158:2 159:3 160:33 161:3 162:1 163:5 164:7 165:39 166:1 167:6 168:14 169:17 170:73 171:33 172:23 173:18 174:25 175:160 176:7 177:1 178:4 179:7 180:67 181:5 182:1 183:4 184:18 185:166 186:10 187:3 188:19
ClipAndMerge,gen_n1000000_l199_merged.fq,1000000,199,999921,769432,230489,0.287,0:607957 1:140904 2:16388 3:1284 4:124 5:39 6:17 7:5 8:16 9:5 10:25 11:4 12:9 13:6 14:3 15:32 16:15 17:6 18:5 19:2 20:29 21:10 22:3 23:2 24:13 25:30 26:17 27:9 28:14 29:5 30:42 31:21 32:23 33:15 34:11 35:35 36:12 37:9 38:35 39:16 40:32 41:13 42:38 43:11 44:8 45:30 46:20 47:7 48:13 49:32 50:54 51:14 52:15 53:15 54:29 55:44 56:28 57:7 58:13 59:9 60:62 61:13 62:22 63:17 64:75 65:47 66:30 67:10 68:25 69:15 70:61 71:15 72:49 73:3 74:15 75:60 76:5 78:4 79:2 80:24 83:1 84:13 85:31 86:7 87:1 88:6 89:3 90:23 91:7 92:5 93:3 94:2 95:20 96:4 97:3 98:19 99:1 100:13 101:5 102:1 104:12 105:18 107:3 108:2 109:1 110:12 111:2 112:4 113:1 114:2 115:11 116:1 117:1 118:3 119:4 120:14 121:1 122:5 124:9 125:29 126:5 127:6 128:23 129:2 130:19 131:1 132:3 134:5 135:17 136:12 137:6 138:2 139:5 140:19 141:2 143:1 144:11 145:11 146:1 147:12 148:1 149:2 150:16 152:4 153:4 154:1 155:28 156:3 157:3 159:2 160:24 161:1 162:1 163:5 164:4 165:35 166:3 167:4 168:15 169:8 170:49 171:24 172:32 173:20 174:20 175:133 176:2 178:5 179:49 180:53 181:3 182:1 183:1 184:18 185:124 186:6 187:5 188:11 189:63
ClipAndMerge,gen_n1000000_l19_merged.fq,1000000,19,999898,951285,48613,0.005,0:951123 1:20 2:9 3:3 4:24 5:53 6:10 7:6 8:25 9:12
ClipAndMerge,gen_n1000000_l1_merged.fq,1000000,1,999924,0,999924,NA,
ClipAndMerge,gen_n1000000_l200_merged.fq,1000000,200,999912,767756,232156,0.331,0:604996 1:141565 2:16515 3:1348 4:108 5:39 6:23 7:3 8:16 9:4 10:21 11:5 12:17 13:2 15:30 16:8 17:4 18:6 19:5 20:22 21:7 22:4 23:8 24:17 25:29 26:14 27:7 28:14 29:8 30:46 31:13 32:14 33:14 34:8 35:35 36:15 37:9 38:25 39:20 40:51 41:9 42:37 43:14 44:19 45:31 46:24 47:6 48:15 49:31 50:45 51:25 52:26 53:9 54:36 55:41 56:32 57:14 58:29 59:16 60:77 61:8 62:25 63:13 64:71 65:52 66:23 67:16 68:27 69:16 70:61 71:12 72:51 73:4 74:22 75:105 76:7 77:3 78:4 79:6 80:29 81:2 82:2 83:3 84:14 85:18 86:8 87:2 88:2 89:2 90:26 91:6 92:2 93:3 94:1 95:14 96:6 97:7 98:24 99:3 100:19 101:7 102:2 103:5 104:12 105:24 106:1 107:1 108:1 110:20 112:8 113:1 114:3 115:15 116:3 117:2 118:1 119:2 120:19 121:8 123:1 124:14 125:14 126:4 127:3 128:26 130:19 131:3 132:2 133:1 134:3 135:14 136:7 137:5 138:4 139:3 140:9 141:3 142:2 143:1 144:5 145:22 146:3 147:4 148:3 149:3 150:18 151:2 152:2 153:6 154:3 155:24 156:4 157:2 158:1 159:1 160:36 161:1 162:3 163:5 164:10 165:37 166:1 167:4 168:16 169:4 170:59 171:27 172:20 173:23 174:23 175:128 176:6 177:7 178:6 179:59 180:131 181:3 182:2 183:3 184:17 185:83 186:12 187:3 188:14 189:53 190:234
ClipAndMerge,gen_n1000000_l201_merged.fq,1000000,201,999934,764408,235526,0.316,0:600553 1:142436 2:16820 3:1365 4:113 5:57 6:20 7:5 8:16 9:4 10:18 11:4 12:21 13:3 14:3 15:32 16:12 17:3 18:12 19:7 20:29 21:10 22:1 23:9 24:9 25:38 26:20 27:7 28:12 29:9 30:47 31:19 32:13 33:8 34:15 35:34 36:26 37:9 38:11 39:27 40:54 41:16 42:46 43:20 44:20 45:25 46:12 47:9 48:16 49:32 50:28 51:23 52:18 53:17 54:25 55:48 56:37 57:10 58:18 59:8 60:54 61:19 62:30 63:12 64:91 65:49 66:28 67:7 68:24 69:8 70:50 71:7 72:49 73:2 74:13 75:95 76:28 77:3 78:4 79:1 80:36 81:4 82:1 84:12 85:29 86:5 87:4 88:5 89:3 90:39 91:7 92:1 94:3 95:8 96:9 97:6 98:17 99:3 100:16 101:6 102:3 103:2 104:10 105:16 106:3 108:2 109:2 110:16 111:2 112:4 113:1 114:6 115:6 116:6 117:4 118:2 119:1 120:18 121:4 122:2 123:3 124:6 125:30 126:10 127:4 128:24 129:5 130:23 131:3 132:2 134:5 135:16 136:6 137:6 138:7 139:6 140:20 141:1 142:4 143:1 144:9 145:21 146:3 147:8 148:1 149:2 150:15 151:1 153:3 154:5 155:32 156:4 157:2 159:4 160:26 162:6 163:3 164:3 165:30 166:5 167:4 168:10 169:8 170:64 171:16 172:18 173:18 174:20 175:120 176:1 177:6 178:3 179:24 180:119 181:3 182:3 183:3 184:12 185:68 186:1 187:7 188:15 189:31 190:206 191:26
ClipAndMerge,gen_n1000000_l202_merged.fq,1000000,202,999919,762736,237183,0.312,0:596972 1:144012 2:17179 3:1370 4:139 5:54 6:27 7:4 8:14 9:6 10:18 11:10 12:19 13:7 14:4 15:34 16:18 17:4 18:3 19:3 20:24 21:6 22:4 23:6 24:17 25:25 26:16 27:8 28:16 29:9 30:54 31:15 32:9 33:13 34:16 35:33 36:18 37:9 38:8 39:16 40:37 41:19 42:36 43:21 44:13 45:37 46:13 47:12 48:12 49:37 50:33 51:17 52:23 53:5 54:43 55:46 56:36 57:15 58:14 59:10 60:48 61:14 62:19 63:18 64:102 65:67 66:20 67:6 68:36 69:9 70:47 71:10 72:51 73:9 74:19 75:95 76:35 77:12 78:3 79:3 80:28 81:6 83:1 84:12 85:30 86:7 87:5 88:4 90:27 91:5 92:2 93:1 94:3 95:20 96:2 97:6 98:17 99:2 100:17 101:3 102:2 103:2 104:12 105:16 107:1 108:3 109:1 110:18 111:4 112:7 113:2 114:4 115:11 116:3 117:1 118:2 120:15 121:4 122:1 123:1 124:8 125:10 126:6 127:6 128:32 129:2 130:24 131:1 132:1 133:1 134:2 135:16 136:9 137:5 138:1 139:1 140:12 141:1 142:2 143:1 144:7 145:18 146:2 147:7 148:2 149:3 150:23 151:2 152:2 153:10 154:1 155:26 157:1 159:4 160:21 162:3 163:3 164:3 165:34 166:2 167:2 168:12 169:11 170:32 171:28 172:18 173:18 174:17 175:99 176:3 177:2 178:5 179:24 180:128 181:3 182:3 183:4 184:17 185:64 186:4 187:6 188:9 189:22 190:186 191:19 192:56
ClipAndMerge,gen_n1000000_l203_merged.fq,1000000,203,999910,760198,239712,0.31,0:593080 1:144916 2:17557 3:1438 4:144 5:56 6:21 7:9 8:17 9:7 10:26 11:6 12:15 13:2 14:1 15:34 16:11 17:5 18:7 19:4 20:30 21:11 22:4 23:7 24:12 25:37 26:19 27:16 28:16 29:9 30:43 31:17 32:14 33:15 34:10 35:25 36:16 37:15 38:12 39:11 40:56 41:21 42:44 43:20 44:13 45:28 46:13 47:17 48:18 49:27 50:33 51:13 52:16 53:14 54:36 55:49 56:28 57:10 58:29 59:16 60:60 61:15 62:25 63:12 64:80 65:44 66:23 67:9 68:31 69:12 70:45 71:10 72:25 73:6 74:19 75:90 76:29 77:9 78:51 79:5 80:31 81:5 82:1 83:1 84:16 85:21 86:4 87:3 88:6 89:2 90:20 91:7 94:3 95:14 96:6 97:7 98:15 99:6 100:21 101:4 102:5 103:2 104:7 105:25 106:4 107:3 108:5 109:1 110:14 111:3 112:9 113:2 114:3 115:13 116:1 118:2 119:1 120:19 121:6 122:1 123:2 124:14 125:15 126:2 127:4 128:45 129:10 130:13 132:1 133:1 134:1 135:23 136:5 137:8 138:3 139:2 140:20 141:2 142:1 143:2 144:8 145:21 146:1 147:9 148:1 149:3 150:20 152:3 153:6 154:6 155:21 156:3 158:1 159:4 160:24 161:2 163:2 164:3 165:42 166:4 167:4 168:13 169:6 170:39 171:16 172:10 173:17 174:8 175:99 176:6 177:1 178:5 179:22 180:109 181:4 182:4 183:2 184:7 185:49 186:2 188:3 189:20 190:161 191:18 192:48 193:52
ClipAndMerge,gen_n1000000_l204_merged.fq,1000000,204,999907,758299,241608,0.314,0:589444 1:145958 2:18008 3:1559 4:147 5:66 6:33 7:3 8:16 9:5 10:18 11:4 12:9 13:1 14:3 15:38 16:19 17:9 18:4 19:5 20:36 21:9 22:6 23:10 24:17 25:31 26:23 27:12 28:13 29:9 30:41 31:14 32:19 33:9 34:18 35:40 36:22 37:13 38:12 39:10 40:42 41:23 42:39 43:19 44:19 45:35 46:22 47:14 48:16 49:30 50:47 51:14 52:22 53:14 54:29 55:53 56:33 57:14 58:27 59:16 60:65 61:16 62:26 63:19 64:103 65:56 66:32 67:9 68:23 69:9 70:44 71:14 72:34 73:10 74:21 75:95 76:25 77:14 78:40 79:7 80:38 81:4 82:2 83:1 84:8 85:38 86:5 87:3 88:7 89:3 90:30 91:3 92:2 93:1 95:15 96:8 97:3 98:15 99:2 100:20 101:9 102:3 103:3 104:10 105:19 106:2 107:2 108:1 109:5 110:14 111:3 112:8 113:1 114:3 115:13 116:1 117:2 118:3 119:3 120:14 121:5 122:2 123:1 124:8 125:15 126:4 127:5 128:31 129:8 130:20 131:1 132:3 133:1 134:4 135:15 136:6 137:2 138:4 139:2 140:21 141:3 142:3 143:2 144:4 145:16 146:2 147:9 148:4 149:2 150:17 151:2 152:1 153:12 154:2 155:31 156:4 158:2 159:3 160:23 161:1 162:2 163:2 164:8 165:24 166:1 167:1 168:17 169:6 170:52 171:15 172:10 173:15 174:13 175:80 176:5 178:5 179:22 180:97 181:4 182:3 183:8 184:42 185:32 186:2 187:2 188:4 189:13 190:136 191:12 192:30 193:30 194:75
ClipAndMerge,gen_n1000000_l205_merged.fq,1000000,205,999929,756244,243685,0.352,0:585250 1:147490 2:18346 3:1481 4:188 5:68 6:35 7:4 8:17 9:10 10:17 11:5 12:15 13:4 14:3 15:28 16:19 17:4 18:9 19:1 20:26 21:16 22:5 23:7 24:11 25:23 26:23 27:13 28:13 29:11 30:34 31:19 32:13 33:15 34:18 35:44 36:25 37:18 38:12 39:8 40:42 41:18 42:42 43:24 44:13 45:31 46:21 47:13 48:17 49:32 50:40 51:22 52:18 53:11 54:32 55:52 56:33 57:8 58:26 59:13 60:53 61:15 62:34 63:15 64:83 65:61 66:24 67:15 68:31 69:13 70:38 71:14 72:35 73:10 74:13 75:89 76:21 77:10 78:53 79:7 80:67 81:4 82:2 83:4 84:8 85:34 86:4 87:3 88:7 89:1 90:44 91:9 92:3 93:4 94:1 95:23 96:6 97:10 98:19 99:3 100:22 101:4 102:7 103:3 104:7 105:21 106:3 107:3 108:1 109:2 110:19 111:5 112:4 113:2 114:4 115:11 116:4 117:1 118:1 120:22 121:11 123:2 124:7 125:17 126:13 127:2 128:29 129:3 130:18 132:3 133:3 134:2 135:15 136:9 137:4 138:1 139:3 140:17 141:2 142:1 143:4 144:6 145:12 146:3 147:10 148:1 149:5 150:17 152:3 153:12 154:5 155:20 156:1 157:2 158:1 159:3 160:24 161:2 162:2 163:4 164:5 165:45 166:1 167:2 168:10 169:3 170:37 171:21 172:11 173:15 174:14 175:74 176:4 178:7 179:27 180:100 181:3 182:3 183:3 184:36 185:143 186:2 188:4 189:15 190:85 191:9 192:35 193:31 194:36 195:272
ClipAndMerge,gen_n1000000_l206_merged.fq,1000000,206,999928,754875,245053,0.344,0:583243 1:147703 2:18863 3:1552 4:162 5:60 6:26 7:8 8:18 9:8 10:24 11:5 12:12 13:2 14:1 15:34 16:14 17:3 18:8 19:3 20:29 21:12 22:4 23:10 24:18 25:21 26:23 27:9 28:17 29:9 30:47 31:17 32:17 33:13 34:17 35:35 36:23 37:12 38:14 39:7 40:31 41:20 42:33 43:14 44:22 45:27 46:14 47:10 48:17 49:36 50:46 51:20 52:19 53:12 54:16 55:40 56:32 57:9 58:17 59:3 60:64 61:16 62:36 63:13 64:106 65:53 66:34 67:11 68:36 69:9 70:31 71:16 72:28 73:6 74:13 75:67 76:26 77:13 78:36 79:13 80:77 81:10 82:5 83:2 84:8 85:31 86:5 87:3 88:6 89:9 90:29 91:9 92:1 93:2 94:1 95:20 96:9 97:10 98:11 99:4 100:17 101:3 102:4 104:8 105:21 106:5 108:2 109:2 110:26 111:9 112:8 114:5 115:16 116:2 117:2 118:3 119:5 120:17 121:7 122:4 123:2 124:6 125:15 126:15 127:1 128:22 129:4 130:19 131:5 132:4 133:1 134:9 135:12 136:11 137:10 138:2 139:1 140:21 142:2 143:1 144:9 145:11 147:7 148:6 149:4 150:11 151:2 152:2 153:11 154:3 155:17 156:3 157:1 159:6 160:27 161:1 162:4 163:2 164:5 165:32 166:4 167:2 168:13 169:6 170:40 171:18 172:9 173:17 174:10 175:66 176:2 177:1 178:2 179:18 180:76 183:3 184:31 185:124 186:7 187:2 188:4 189:12 190:70 191:11 192:17 193:29 194:37 195:259 196:72
ClipAndMerge,gen_n1000000_l207_merged.fq,1000000,207,999924,753126,246798,0.339,0:579657 1:149010 2:19264 3:1637 4:140 5:77 6:35 7:9 8:23 9:9 10:26 11:9 12:9 13:2 14:2 15:29 16:10 17:4 18:10 19:4 20:38 21:9 22:13 23:6 24:19 25:37 26:25 27:13 28:19 29:6 30:55 31:9 32:15 33:10 34:10 35:34 36:15 37:11 38:12 39:14 40:30 41:17 42:51 43:14 44:12 45:32 46:20 47:18 48:17 49:47 50:37 51:15 52:13 53:11 54:29 55:41 56:28 57:11 58:14 59:16 60:47 61:25 62:33 63:12 64:98 65:55 66:25 67:11 68:28 69:15 70:60 71:8 72:37 73:1 74:23 75:75 76:25 77:7 78:47 79:11 80:94 81:18 82:12 83:3 84:17 85:23 86:11 87:3 88:2 90:35 91:2 92:2 93:4 94:2 95:21 96:2 97:4 98:14 99:3 100:24 101:4 102:6 103:2 104:12 105:21 106:4 108:1 109:1 110:22 111:1 112:3 114:2 115:19 116:5 117:2 118:2 120:21 121:10 122:1 123:1 124:6 125:20 126:9 127:7 128:37 129:5 130:14 131:3 132:2 133:3 134:3 135:21 136:7 137:6 138:6 139:4 140:26 142:2 143:1 144:5 145:18 146:3 147:12 148:3 150:20 152:2 153:9 154:3 155:33 156:3 157:2 158:1 159:1 160:36 163:1 164:5 165:36 166:2 167:2 168:11 169:9 170:36 171:24 172:4 173:21 174:8 175:66 176:3 177:5 178:1 179:24 180:89 181:5 182:4 183:5 184:33 185:110 186:3 187:7 188:5 189:5 190:70 191:9 192:21 193:20 194:34 195:179 196:42 197:6
ClipAndMerge,gen_n1000000_l208_merged.fq,1000000,208,999926,749982,249944,0.323,0:574669 1:150760 2:19455 3:1754 4:150 5:85 6:39 7:13 8:19 9:6 10:25 11:6 12:11 13:4 14:1 15:32 16:8 17:3 18:4 19:3 20:37 21:10 22:6 23:6 24:13 25:16 26:19 27:18 28:17 29:7 30:36 31:16 32:16 33:9 34:16 35:34 36:16 37:4 38:8 39:14 40:36 41:15 42:47 43:27 44:16 45:28 46:15 47:11 48:26 49:40 50:39 51:18 52:16 53:8 54:24 55:57 56:34 57:6 58:30 59:20 60:56 61:10 62:23 63:11 64:98 65:44 66:31 67:12 68:22 69:11 70:38 71:12 72:35 73:4 74:17 75:85 76:32 77:8 78:37 79:10 80:70 81:21 82:15 83:5 84:14 85:25 86:7 88:7 89:5 90:29 91:3 92:1 93:4 94:4 95:18 96:7 97:6 98:13 99:2 100:14 101:4 102:1 103:2 104:11 105:20 106:3 107:1 108:1 109:2 110:14 111:2 112:7 113:1 114:2 115:19 116:3 117:2 118:2 119:1 120:16 121:4 122:1 123:1 124:6 125:9 126:10 127:6 128:31 129:6 130:17 131:2 132:5 133:2 134:8 135:25 136:5 137:6 138:3 139:4 140:20 141:3 142:2 143:1 144:7 145:14 146:2 147:5 148:1 149:4 150:16 151:1 152:2 153:10 154:4 155:19 156:3 157:1 158:2 159:5 160:28 161:1 162:3 163:6 164:3 165:28 166:2 167:7 168:22 169:12 170:34 171:17 172:3 173:17 174:14 175:69 176:4 177:2 178:1 179:18 180:67 181:4 183:2 184:19 185:110 186:6 188:5 189:13 190:67 191:6 192:11 193:21 194:20 195:151 196:41 197:4 198:13
ClipAndMerge,gen_n1000000_l209_merged.fq,1000000,209,999910,748002,251908,0.329,0:571320 1:151565 2:19870 3:1778 4:195 5:99 6:38 7:5 8:35 9:5 10:26 11:5 12:23 13:1 15:24 16:9 18:5 19:2 20:33 21:10 22:9 23:5 24:17 25:22 26:23 27:13 28:16 29:15 30:46 31:10 32:13 33:13 34:17 35:29 36:16 37:7 38:12 39:13 40:34 41:16 42:42 43:22 44:16 45:26 46:24 47:14 48:20 49:30 50:43 51:24 52:21 53:18 54:32 55:30 56:16 57:11 58:22 59:7 60:56 61:15 62:34 63:14 64:98 65:47 66:30 67:11 68:32 69:9 70:41 71:9 72:23 73:3 74:13 75:79 76:30 77:13 78:30 79:4 80:63 81:26 82:13 83:4 84:60 85:30 86:10 87:3 88:5 89:5 90:26 91:3 92:1 93:3 94:3 95:17 96:4 97:7 98:21 99:1 100:20 101:6 102:7 103:2 104:11 105:16 106:3 107:1 108:4 109:4 110:16 111:3 112:11 114:5 115:8 116:2 117:2 118:1 119:5 120:22 121:5 122:2 123:3 124:7 125:21 126:10 127:3 128:28 129:7 130:24 131:1 132:2 133:3 134:4 135:25 136:5 137:5 139:2 140:19 141:2 142:2 143:2 144:12 145:17 147:16 148:5 149:2 150:18 152:4 153:4 154:1 155:12 156:2 157:2 158:2 159:2 160:31 162:3 163:1 164:4 165:27 166:3 167:2 168:6 169:11 170:28 171:16 172:3 173:11 174:8 175:84 176:2 177:1 178:4 179:15 180:69 181:2 182:2 183:2 184:17 185:89 186:4 187:4 188:6 189:37 190:54 191:3 192:10 193:9 194:20 195:129 196:22 197:5 198:14 199:106
ClipAndMerge,gen_n1000000_l20_merged.fq,1000000,20,999917,998754,1163,0.021,0:994581 1:4170 8:2 10:1
ClipAndMerge,gen_n1000000_l210_merged.fq,1000000,210,999916,747014,252902,0.368,0:568147 1:152884 2:20356 3:1727 4:190 5:99 6:51 7:3 8:42 9:8 10:31 11:8 12:13 13:6 15:36 16:13 17:4 18:8 19:2 20:40 21:16 22:6 23:3 24:19 25:38 26:21 27:15 28:19 29:9 30:43 31:20 32:19 33:10 34:15 35:30 36:9 37:15 38:11 39:16 40:40 41:11 42:35 43:17 44:15 45:27 46:21 47:21 48:16 49:31 50:44 51:17 52:17 53:18 54:27 55:43 56:28 57:9 58:24 59:11 60:76 61:17 62:30 63:17 64:102 65:58 66:34 67:11 68:23 69:10 70:44 71:21 72:42 73:2 74:26 75:78 76:36 77:8 78:24 79:3 80:63 81:16 82:12 83:5 84:59 85:58 86:10 87:2 88:5 89:8 90:30 91:2 92:4 93:4 94:4 95:23 96:4 97:5 98:16 99:8 100:17 101:6 103:2 104:14 105:21 106:2 107:1 108:2 109:2 110:12 111:3 112:6 113:2 114:3 115:22 116:1 117:1 118:3 119:1 120:13 121:7 122:2 123:2 124:9 125:17 126:7 127:1 128:37 129:4 130:24 132:1 134:6 135:22 136:4 137:3 138:5 139:4 140:18 141:1 142:1 144:8 145:13 147:11 148:1 149:2 150:16 151:2 152:3 153:10 154:5 155:12 156:2 159:4 160:25 161:1 162:2 163:1 164:5 165:30 166:1 167:2 168:23 169:7 170:52 171:10 172:3 173:12 174:12 175:43 176:7 177:1 178:1 179:18 180:52 181:1 182:2 183:4 184:13 185:64 186:5 187:4 188:8 189:39 190:165 191:2 192:13 193:8 194:20 195:90 196:26 197:1 198:13 199:67 200:289
ClipAndMerge,gen_n1000000_l211_merged.fq,1000000,211,999931,733780,266151,0.367,0:556941 1:150928 2:20256 3:1842 4:198 5:99 6:46 7:11 8:33 9:9 10:36 11:15 12:23 13:5 15:29 16:14 17:3 18:3 19:1 20:34 21:11 22:8 23:10 24:14 25:27 26:12 27:17 28:18 29:11 30:52 31:16 32:20 33:15 34:14 35:31 36:22 37:11 38:15 39:16 40:26 41:9 42:34 43:14 44:11 45:34 46:18 47:14 48:11 49:34 50:41 51:18 52:17 53:11 54:30 55:52 56:19 57:10 58:21 59:17 60:57 61:13 62:25 63:17 64:85 65:53 66:34 67:11 68:25 69:11 70:47 71:13 72:31 73:10 74:23 75:72 76:30 77:12 78:34 79:8 80:50 81:21 82:8 83:3 84:57 85:62 86:22 87:5 89:4 90:22 91:6 92:1 93:1 94:1 95:22 96:6 97:7 98:15 99:2 100:25 101:4 102:5 103:2 104:16 105:21 106:2 108:3 109:2 110:14 111:3 112:12 114:3 115:15 116:3 117:2 118:2 119:2 120:11 121:11 122:4 123:2 124:4 125:16 126:4 127:3 128:29 129:4 130:21 131:1 132:5 134:4 135:27 136:5 137:5 138:5 140:13 141:2 143:1 144:15 145:15 146:2 147:17 148:1 149:4 150:21 151:1 152:2 153:5 154:7 155:21 156:3 157:1 158:1 159:3 160:16 162:1 163:3 164:3 165:33 166:3 167:3 168:17 169:9 170:39 171:27 172:5 173:17 174:11 175:43 176:2 177:1 178:4 179:8 180:55 183:6 184:13 185:86 186:3 187:2 188:5 189:26 190:129 191:16 192:12 193:11 194:13 195:106 196:22 197:2 198:9 199:67 200:260 201:27
ClipAndMerge,gen_n1000000_l212_merged.fq,1000000,212,999910,732688,267222,0.349,0:554188 1:152425 2:20457 3:1913 4:196 5:106 6:54 7:8 8:38 9:9 10:44 11:10 12:14 13:6 14:3 15:38 16:10 17:8 18:6 19:2 20:40 21:10 22:9 23:9 24:20 25:41 26:20 27:13 28:19 29:16 30:53 31:14 32:13 33:11 34:12 35:35 36:28 37:7 38:7 39:11 40:37 41:7 42:37 43:13 44:13 45:31 46:19 47:13 48:16 49:31 50:58 51:21 52:6 53:16 54:24 55:40 56:24 57:11 58:5 59:7 60:57 61:14 62:25 63:18 64:103 65:52 66:34 67:11 68:27 69:9 70:48 71:16 72:31 73:2 74:17 75:69 76:31 77:11 78:17 79:6 80:44 81:13 82:10 83:3 84:58 85:78 86:16 87:22 88:5 89:6 90:33 91:6 92:3 93:3 95:18 96:7 97:8 98:17 99:7 100:26 101:7 102:1 104:7 105:5 106:3 108:3 109:1 110:11 111:3 112:8 114:8 115:13 118:3 119:4 120:20 121:5 122:2 124:7 125:19 126:8 127:2 128:36 129:3 130:19 131:2 132:3 133:1 134:4 135:21 136:4 137:9 138:2 139:3 140:18 142:1 143:1 144:9 145:19 146:6 147:11 148:2 149:1 150:18 151:2 152:3 153:8 154:7 155:18 156:2 157:1 158:3 159:4 160:16 162:2 163:2 164:7 165:27 167:6 168:18 169:7 170:60 171:17 172:11 173:15 174:8 175:49 176:6 177:1 179:7 180:54 182:1 183:1 184:11 185:62 186:2 187:2 188:7 189:21 190:120 191:11 192:34 193:2 194:10 195:71 196:15 197:3 198:11 199:50 200:187 201:14 202:26
ClipAndMerge,gen_n1000000_l213_merged.fq,1000000,213,999900,731512,268388,0.342,0:551852 1:153088 2:20940 3:1949 4:222 5:131 6:68 7:16 8:44 9:7 10:50 11:10 12:21 13:5 14:4 15:38 16:22 17:3 18:7 19:1 20:28 21:10 22:4 23:8 24:9 25:30 26:17 27:18 28:16 29:9 30:38 31:18 32:10 33:15 34:14 35:28 36:23 37:15 38:18 39:11 40:33 41:12 42:25 43:12 44:14 45:30 46:20 47:12 48:17 49:31 50:32 51:21 52:14 53:11 54:21 55:44 56:26 57:9 58:14 59:7 60:60 61:12 62:27 63:15 64:92 65:55 66:27 67:9 68:24 69:15 70:43 71:9 72:30 73:6 74:11 75:72 76:27 77:12 78:25 79:5 80:45 81:13 82:10 83:4 84:59 85:72 86:11 87:21 88:18 89:10 90:42 91:5 92:5 93:5 94:3 95:26 96:8 97:8 98:15 99:1 100:23 101:7 102:7 103:1 104:8 105:24 106:4 107:1 108:3 109:1 110:11 111:2 112:9 113:1 114:4 115:21 116:5 117:1 118:4 119:1 120:17 121:9 122:2 123:1 124:10 125:16 126:7 127:5 128:27 129:3 130:14 131:1 132:4 133:1 134:4 135:20 136:8 137:9 138:3 139:5 140:16 141:2 142:3 143:1 144:14 145:11 146:4 147:4 148:1 149:1 150:23 151:1 152:3 153:3 154:5 155:16 156:5 157:2 159:4 160:26 161:2 162:1 163:5 164:5 165:29 166:1 167:6 168:11 169:12 170:30 171:14 172:6 173:17 174:10 175:52 176:1 178:2 179:14 180:31 181:1 182:1 183:3 184:14 185:53 186:2 188:3 189:18 190:117 191:9 192:29 193:11 194:11 195:65 196:15 197:2 198:9 199:40 200:164 201:18 202:22 203:28
ClipAndMerge,gen_n1000000_l214_merged.fq,1000000,214,999937,729639,270298,0.346,0:548198 1:153990 2:21752 3:1993 4:230 5:113 6:53 7:14 8:32 9:8 10:43 11:12 12:25 13:4 14:4 15:46 16:20 17:8 18:3 19:6 20:30 21:13 22:5 23:4 24:21 25:28 26:26 27:13 28:25 29:13 30:57 31:18 32:17 33:14 34:13 35:36 36:24 37:12 38:12 39:6 40:30 41:9 42:29 43:8 44:9 45:29 46:28 47:10 48:17 49:26 50:48 51:21 52:15 53:20 54:40 55:37 56:16 57:7 58:10 59:15 60:44 61:11 62:24 63:18 64:76 65:55 66:25 67:15 68:31 69:10 70:28 71:7 72:25 73:5 74:18 75:87 76:33 77:16 78:28 79:6 80:39 81:12 82:14 83:9 84:66 85:47 86:17 87:17 88:14 89:20 90:33 91:5 92:2 93:5 94:3 95:16 96:7 97:6 98:17 99:1 100:24 101:5 102:5 103:2 104:5 105:18 106:3 107:2 108:2 109:3 110:14 111:2 112:2 114:9 115:17 116:3 117:3 118:1 120:27 121:11 122:3 123:1 124:9 125:19 126:6 127:4 128:22 129:5 130:18 131:1 132:4 133:2 134:2 135:25 136:11 137:7 138:1 139:1 140:11 141:2 143:2 144:7 145:19 146:1 147:7 148:2 149:1 150:23 151:2 152:3 153:10 154:2 155:14 156:3 157:1 158:2 159:1 160:23 162:3 163:1 164:1 165:14 166:2 167:5 168:18 169:3 170:38 171:17 172:12 173:19 174:13 175:72 176:3 177:4 178:1 179:9 180:44 181:3 183:3 184:4 185:56 186:2 188:4 189:20 190:104 191:7 192:24 193:12 194:31 195:56 196:10 197:5 198:6 199:28 200:142 201:11 202:20 203:16 204:84
ClipAndMerge,gen_n1000000_l215_merged.fq,1000000,215,999920,727060,272860,0.389,0:543493 1:155292 2:22179 3:2129 4:172 5:96 6:52 7:17 8:39 9:18 10:53 11:15 12:22 13:4 14:2 15:35 16:19 17:8 18:4 19:5 20:33 21:19 22:6 23:5 24:11 25:34 26:19 27:10 28:23 29:17 30:56 31:18 32:23 33:4 34:22 35:35 36:16 37:8 38:13 39:13 40:20 41:14 42:36 43:11 44:10 45:21 46:17 47:9 48:18 49:30 50:42 51:22 52:16 53:18 54:25 55:46 56:26 57:7 58:12 59:11 60:36 61:12 62:28 63:14 64:94 65:53 66:28 67:5 68:29 69:12 70:45 71:14 72:43 73:9 74:23 75:74 76:19 77:8 78:25 79:4 80:52 81:15 82:9 83:4 84:42 85:46 86:13 87:22 88:17 89:10 90:105 91:11 92:1 94:2 95:18 96:8 97:6 98:12 99:2 100:14 101:3 102:1 103:1 104:9 105:12 106:1 107:1 108:2 110:23 111:2 112:3 113:2 114:2 115:14 116:1 117:1 119:3 120:15 121:6 122:3 123:2 124:9 125:17 126:4 127:4 128:31 129:7 130:23 131:4 132:7 133:2 134:6 135:14 136:6 137:6 138:4 139:1 140:20 141:2 142:4 144:8 145:12 146:2 147:5 148:2 149:2 150:12 151:1 152:2 153:6 154:1 155:17 156:3 158:2 159:2 160:27 162:4 163:3 164:5 165:25 166:5 167:6 168:7 169:9 170:27 171:17 172:5 173:20 174:26 175:76 176:5 177:3 179:7 180:22 181:3 182:1 183:2 184:9 185:47 186:1 187:2 188:3 189:16 190:87 191:4 192:12 193:9 194:25 195:170 196:8 197:4 198:2 199:24 200:101 201:11 202:16 203:21 204:60 205:334
ClipAndMerge,gen_n1000000_l216_merged.fq,1000000,216,999907,725836,274071,0.371,0:541380 1:155874 2:22642 3:2105 4:192 5:74 6:54 7:12 8:39 9:11 10:52 11:12 12:17 13:7 14:4 15:33 16:19 17:4 18:12 19:4 20:43 21:12 22:4 23:7 24:17 25:27 26:29 27:11 28:17 29:8 30:50 31:22 32:16 33:13 34:15 35:30 36:24 37:11 38:13 39:12 40:43 41:7 42:27 43:16 44:8 45:23 46:21 47:18 48:27 49:27 50:49 51:14 52:12 53:11 54:29 55:45 56:20 57:13 58:10 59:10 60:41 61:13 62:22 63:18 64:77 65:51 66:36 67:8 68:30 69:10 70:53 71:8 72:30 73:5 74:8 75:70 76:20 77:8 78:27 79:5 80:62 81:17 82:11 83:5 84:45 85:49 86:17 87:20 88:18 89:10 90:104 91:14 92:1 93:5 94:2 95:24 96:4 97:1 98:19 99:3 100:26 101:3 102:6 103:2 104:10 105:14 106:3 108:2 109:1 110:17 112:7 113:1 114:7 115:18 116:4 118:3 119:5 120:27 122:1 123:1 124:9 125:19 126:10 127:3 128:28 130:15 131:1 132:2 134:4 135:20 136:5 137:6 138:3 139:2 140:20 141:3 142:2 143:4 144:2 145:15 147:7 148:3 149:2 150:23 152:1 153:10 154:4 155:20 156:7 157:1 158:2 159:4 160:15 161:1 163:2 164:4 165:27 166:2 167:2 168:11 169:7 170:33 171:15 172:4 173:11 174:15 175:74 176:5 177:3 179:7 180:35 181:1 182:1 183:3 184:8 185:44 186:3 188:3 189:10 190:63 191:6 192:17 193:4 194:25 195:129 196:28 198:3 199:23 200:82 201:9 202:9 203:18 204:60 205:243 206:27
ClipAndMerge,gen_n1000000_l217_merged.fq,1000000,217,999922,723934,275988,0.358,0:537105 1:157526 2:23244 3:2292 4:217 5:68 6:26 7:4 8:53 9:20 10:54 11:10 12:36 13:3 14:4 15:50 16:15 17:9 18:6 19:9 20:38 21:10 22:7 23:8 24:8 25:35 26:17 27:10 28:16 29:8 30:45 31:21 32:21 33:14 34:16 35:36 36:26 37:11 38:17 39:9 40:31 41:8 42:29 43:10 44:14 45:25 46:11 47:14 48:21 49:34 50:46 51:24 52:17 53:14 54:22 55:44 56:23 57:17 58:20 59:8 60:50 61:14 62:32 63:12 64:91 65:44 66:29 67:15 68:24 69:18 70:33 71:14 72:37 73:2 74:13 75:68 76:24 77:8 78:29 79:7 80:52 81:17 82:11 83:2 84:48 85:50 86:14 87:15 88:12 89:15 90:106 91:14 92:18 93:3 95:26 96:7 97:3 98:8 99:6 100:18 101:6 102:5 103:1 104:12 105:26 106:1 108:5 109:1 110:21 111:3 112:4 113:2 114:4 115:22 116:4 117:2 118:1 119:6 120:27 121:4 122:3 123:2 124:6 125:15 126:9 127:3 128:32 129:5 130:15 131:1 132:2 133:1 134:2 135:14 136:8 137:6 138:4 139:3 140:15 141:3 142:1 143:1 144:4 145:14 146:3 147:10 148:2 149:2 150:12 151:1 153:5 154:1 155:22 156:5 157:1 159:3 160:14 162:1 163:4 164:4 165:18 167:3 168:13 169:8 170:29 171:19 172:7 173:13 174:14 175:61 176:1 179:7 180:31 183:4 184:8 185:33 186:2 188:3 189:14 190:58 191:4 192:14 193:9 194:27 195:124 196:17 198:4 199:18 200:76 201:6 202:5 203:15 204:38 205:231 206:10 207:9
ClipAndMerge,gen_n1000000_l218_merged.fq,1000000,218,999919,722905,277014,0.351,0:533854 1:159308 2:23667 3:2350 4:227 5:75 6:36 7:6 8:49 9:19 10:77 11:23 12:29 13:10 14:4 15:41 16:16 17:4 18:4 19:8 20:29 21:8 22:5 23:5 24:24 25:30 26:12 27:9 28:23 29:12 30:45 31:14 32:20 33:14 34:12 35:41 36:22 37:13 38:16 39:10 40:26 41:12 42:25 43:13 44:11 45:26 46:15 47:11 48:22 49:46 50:47 51:22 52:23 53:19 54:26 55:35 56:18 57:7 58:11 59:9 60:62 61:16 62:21 63:19 64:80 65:38 66:25 67:11 68:27 69:7 70:53 71:14 72:41 73:7 74:15 75:45 76:21 77:7 78:20 79:5 80:38 81:18 82:9 83:7 84:48 85:41 86:17 87:17 88:10 89:19 90:92 91:11 92:14 93:13 94:3 95:36 96:10 97:6 98:12 99:5 100:21 101:4 102:5 103:3 104:14 105:20 106:2 107:2 108:4 110:18 111:1 112:4 113:2 114:7 115:23 116:6 117:3 118:1 120:19 121:4 122:2 124:9 125:16 126:11 127:2 128:28 129:8 130:19 131:1 132:7 133:1 134:2 135:22 136:9 137:5 138:6 139:2 140:14 141:3 142:4 143:2 144:10 145:17 146:5 147:9 148:4 149:2 150:11 151:1 153:3 154:7 155:18 156:2 157:1 158:1 159:3 160:28 161:1 162:2 163:2 164:6 165:17 167:3 168:11 169:9 170:38 171:19 172:6 173:12 174:13 175:68 176:8 178:4 179:4 180:32 181:1 183:2 184:4 185:43 186:4 187:1 188:7 189:16 190:55 191:2 192:13 193:5 194:10 195:112 196:17 197:1 198:10 199:15 200:52 201:5 202:6 203:20 204:28 205:163 206:14 207:9 208:22
ClipAndMerge,gen_n1000000_l219_merged.fq,1000000,219,999918,721259,278659,0.363,0:531487 1:159318 2:24136 3:2438 4:277 5:87 6:47 7:14 8:19 9:12 10:80 11:22 12:36 13:4 14:7 15:36 16:24 17:9 18:7 19:5 20:35 21:9 22:9 23:7 24:14 25:29 26:12 27:7 28:19 29:13 30:58 31:19 32:26 33:12 34:22 35:32 36:25 37:6 38:10 39:16 40:27 41:13 42:29 43:12 44:14 45:24 46:9 47:6 48:16 49:35 50:37 51:20 52:14 53:19 54:23 55:35 56:17 57:11 58:7 59:15 60:41 61:10 62:20 63:20 64:84 65:41 66:38 67:9 68:33 69:7 70:48 71:9 72:30 73:6 74:15 75:71 76:27 77:9 78:29 79:6 80:47 81:12 82:9 83:4 84:40 85:60 86:12 87:12 88:20 89:9 90:110 91:9 92:18 93:17 94:14 95:25 96:6 97:8 98:19 99:6 100:18 101:10 102:8 103:2 104:10 105:27 106:5 107:3 108:6 110:13 111:4 112:9 113:1 114:5 115:11 116:3 117:2 118:1 119:2 120:17 121:10 122:4 123:4 124:7 125:15 126:7 127:2 128:30 129:2 130:16 132:5 133:1 134:4 135:16 136:7 137:7 138:4 139:6 140:22 141:3 142:3 143:3 144:14 145:16 146:2 147:12 150:21 151:4 152:1 153:9 155:22 156:2 157:1 159:4 160:16 161:3 162:2 163:1 164:3 165:15 166:5 167:4 168:12 169:4 170:28 171:27 172:9 173:23 174:10 175:65 176:2 177:3 178:3 179:7 180:27 182:3 183:4 184:11 185:31 186:3 187:2 188:4 189:7 190:48 191:1 192:18 193:4 194:19 195:97 196:9 197:2 198:8 199:39 200:47 201:11 202:3 203:9 204:27 205:151 206:13 207:10 208:20 209:108
ClipAndMerge,gen_n1000000_l21_merged.fq,1000000,21,999934,998565,1369,0.021,0:994228 1:4335 2:1 10:1
ClipAndMerge,gen_n1000000_l220_merged.fq,1000000,220,999916,718385,281531,0.416,0:526978 1:160295 2:24254 3:2476 4:298 5:89 6:46 7:9 8:21 9:4 10:92 11:23 12:45 13:15 14:9 15:46 16:25 17:8 18:4 19:2 20:29 21:17 22:5 23:13 24:25 25:21 26:22 27:7 28:17 29:20 30:42 31:15 32:21 33:16 34:19 35:33 36:17 37:15 38:14 39:16 40:35 41:13 42:36 43:9 44:13 45:20 46:8 47:3 48:16 49:24 50:59 51:13 52:18 53:18 54:23 55:49 56:20 57:17 58:16 59:14 60:52 61:12 62:16 63:19 64:80 65:56 66:26 67:15 68:32 69:6 70:48 71:14 72:39 73:7 74:27 75:74 76:27 77:4 78:33 79:4 80:49 81:17 82:9 83:6 84:58 85:47 86:11 87:26 88:12 89:11 90:64 91:5 92:8 93:14 94:11 95:56 96:9 97:4 98:18 99:5 100:32 101:5 102:4 103:1 104:12 105:26 106:2 108:3 109:1 110:30 111:5 112:7 113:2 114:7 115:16 116:1 117:1 118:2 120:24 121:6 122:6 123:2 124:6 125:20 126:2 127:3 128:26 129:2 130:15 132:1 133:1 134:1 135:27 136:8 138:4 139:2 140:27 141:3 142:3 143:1 144:11 145:6 146:1 147:15 148:2 149:4 150:18 151:2 152:1 153:6 154:3 155:21 156:2 159:3 160:15 161:1 162:3 163:3 164:3 165:12 166:2 167:1 168:12 169:9 170:24 171:14 172:9 173:14 174:9 175:75 176:6 177:4 179:9 180:44 181:2 182:3 184:9 185:25 187:2 188:4 189:5 190:51 191:2 192:15 193:4 194:15 195:98 196:8 197:1 198:10 199:49 200:201 201:7 202:4 203:6 204:21 205:99 206:8 207:4 208:6 209:67 210:370
ClipAndMerge,gen_n1000000_l221_merged.fq,1000000,221,999924,717789,282135,0.398,0:523991 1:162101 2:24931 3:2537 4:277 5:126 6:52 7:13 8:36 9:13 10:39 11:13 12:32 13:12 14:5 15:58 16:24 17:4 18:4 19:7 20:50 21:10 22:7 23:14 24:16 25:25 26:14 27:15 28:18 29:7 30:54 31:15 32:16 33:15 34:15 35:26 36:24 37:13 38:9 39:11 40:32 41:15 42:34 43:14 44:12 45:25 46:8 47:5 48:9 49:41 50:36 51:23 52:22 53:10 54:29 55:31 56:17 57:14 58:15 59:16 60:58 61:20 62:14 63:25 64:66 65:46 66:23 67:11 68:31 69:13 70:54 71:11 72:27 73:5 74:20 75:73 76:35 77:17 78:25 79:6 80:45 81:15 82:15 83:4 84:68 85:43 86:15 87:27 88:11 89:12 90:69 91:12 92:17 93:23 94:13 95:69 96:53 97:3 98:18 99:3 100:23 101:8 102:3 103:1 104:18 105:23 108:2 109:4 110:24 111:4 112:8 113:2 114:4 115:15 116:5 117:1 120:27 121:11 122:3 124:9 125:20 126:6 127:1 128:23 129:4 130:5 131:2 132:4 133:1 134:3 135:14 136:6 137:5 138:6 139:1 140:19 141:1 142:1 144:8 145:13 146:4 147:11 148:1 149:3 150:20 151:3 152:2 153:8 154:4 155:13 156:3 157:2 158:2 159:5 160:24 162:2 164:3 165:30 166:2 167:4 168:18 169:4 170:31 171:14 172:5 173:20 174:11 175:54 176:3 177:2 179:8 180:38 181:2 182:3 183:1 184:5 185:18 186:6 189:13 190:40 191:1 192:9 193:6 194:7 195:82 196:5 197:4 198:9 199:37 200:168 201:6 202:5 203:4 204:13 205:83 206:3 207:7 208:9 209:53 210:305 211:21
ClipAndMerge,gen_n1000000_l222_merged.fq,1000000,222,999924,715249,284675,0.395,0:519849 1:163302 2:25168 3:2658 4:315 5:113 6:59 7:13 8:29 9:8 10:49 11:11 12:45 13:7 14:6 15:50 16:31 17:11 18:11 19:7 20:40 21:14 22:4 23:10 24:20 25:39 26:21 27:14 28:25 29:13 30:48 31:24 32:17 33:17 34:14 35:39 36:18 37:20 38:7 39:11 40:27 41:13 42:39 43:13 44:11 45:23 46:14 47:2 48:13 49:26 50:44 51:21 52:15 53:21 54:26 55:41 56:15 57:11 58:11 59:12 60:48 61:7 62:23 63:19 64:90 65:53 66:28 67:7 68:34 69:9 70:52 71:12 72:29 73:4 74:19 75:61 76:34 77:13 78:32 79:4 80:45 81:18 82:8 83:5 84:47 85:55 86:11 87:19 88:14 89:20 90:59 91:6 92:15 93:17 94:19 95:63 96:46 97:10 98:22 99:7 100:19 101:3 102:2 103:3 104:15 105:20 106:2 107:2 108:4 109:2 110:20 111:2 112:8 113:2 114:4 115:17 116:2 117:2 118:1 119:1 120:31 121:8 122:5 123:1 124:11 125:13 126:8 127:6 128:28 129:5 130:18 131:2 132:6 133:1 134:1 135:21 136:4 137:6 138:8 139:6 140:29 141:6 142:2 143:1 144:10 145:14 146:5 147:10 148:2 149:3 150:14 151:4 152:2 153:9 155:14 156:4 158:3 159:9 160:16 163:3 164:4 165:19 167:3 168:16 169:5 170:36 171:20 172:12 173:21 174:8 175:67 176:5 177:4 178:4 179:8 180:38 181:1 182:2 183:2 184:4 185:21 186:4 187:2 188:2 189:12 190:35 191:3 192:10 193:7 194:14 195:68 196:2 197:2 198:6 199:24 200:141 201:7 202:13 203:15 204:25 205:87 206:6 207:4 208:6 209:50 210:260 211:10 212:15
ClipAndMerge,gen_n1000000_l223_merged.fq,1000000,223,999932,714474,285458,0.375,0:517075 1:164275 2:26181 3:2808 4:318 5:127 6:58 7:26 8:48 9:24 10:53 11:11 12:25 13:10 14:9 15:61 16:36 17:5 18:12 19:4 20:43 21:20 22:6 23:9 24:21 25:27 26:24 27:18 28:18 29:8 30:39 31:16 32:12 33:19 34:17 35:48 36:28 37:8 38:13 39:21 40:31 41:13 42:41 43:12 44:11 45:26 46:9 47:4 48:12 49:25 50:44 51:10 52:8 53:14 54:32 55:35 56:27 57:16 58:19 59:12 60:50 61:10 62:23 63:20 64:74 65:39 66:31 67:15 68:30 69:9 70:49 71:10 72:25 73:5 74:22 75:50 76:26 77:8 78:32 79:5 80:47 81:10 82:14 84:53 85:35 86:18 87:25 88:14 89:15 90:73 91:4 92:13 93:14 94:12 95:54 96:62 97:4 98:24 99:8 100:25 101:7 102:2 104:17 105:23 106:3 107:1 108:1 109:2 110:17 111:6 112:6 114:1 115:19 116:3 117:5 118:1 119:2 120:23 121:1 122:3 123:3 124:13 125:25 126:9 127:6 128:23 129:7 130:18 131:1 132:3 133:1 134:8 135:15 136:10 137:5 138:4 139:3 140:19 141:1 142:2 144:14 145:16 146:1 147:11 148:3 149:2 150:20 151:2 152:2 153:4 154:6 155:23 156:3 157:2 159:2 160:22 161:2 162:2 163:2 164:6 165:23 166:4 167:4 168:14 169:3 170:41 171:15 172:4 173:15 174:8 175:54 176:5 177:3 178:4 179:7 180:40 181:2 182:4 183:5 184:5 185:23 186:4 189:7 190:38 191:2 192:10 193:6 194:10 195:68 196:5 197:2 198:6 199:34 200:119 201:10 202:6 203:9 204:8 205:49 206:6 207:3 208:6 209:35 210:212 211:8 212:10 213:15
ClipAndMerge,gen_n1000000_l224_merged.fq,1000000,224,999922,711419,288503,0.379,0:513538 1:164758 2:26134 3:2845 4:330 5:123 6:85 7:19 8:49 9:20 10:50 11:12 12:20 13:6 14:8 15:64 16:37 17:7 18:16 19:8 20:38 21:14 22:10 23:10 24:17 25:25 26:17 27:9 28:13 29:14 30:42 31:19 32:14 33:8 34:14 35:26 36:22 37:18 38:13 39:10 40:40 41:15 42:38 43:19 44:17 45:27 46:23 47:3 48:12 49:29 50:25 51:20 52:16 53:21 54:29 55:38 56:22 57:15 58:10 59:12 60:61 61:9 62:30 63:12 64:80 65:50 66:16 67:3 68:30 69:8 70:34 71:11 72:18 73:6 74:22 75:64 76:27 77:12 78:26 79:7 80:49 81:12 82:12 83:4 84:47 85:42 86:10 87:17 88:14 89:18 90:59 91:8 92:8 93:21 94:9 95:71 96:37 97:14 98:21 99:10 100:22 101:7 102:7 103:3 104:8 105:21 106:1 108:4 110:19 111:2 112:4 113:1 114:7 115:28 116:3 117:5 119:4 120:20 121:10 122:4 123:1 124:14 125:15 126:4 127:3 128:39 129:4 130:22 131:4 132:6 133:2 134:1 135:17 136:5 137:8 138:4 139:2 140:17 141:1 142:1 144:11 145:17 146:1 147:7 148:4 149:6 150:20 151:1 152:2 153:5 154:3 155:15 156:2 157:1 158:2 159:4 160:21 163:2 164:4 165:18 166:5 167:4 168:15 169:4 170:25 171:13 172:8 173:21 174:9 175:56 176:2 177:5 179:3 180:29 181:2 182:6 183:1 184:4 185:22 186:3 187:1 188:3 189:6 190:42 192:16 193:3 194:6 195:57 196:6 197:4 198:4 199:30 200:117 201:9 202:7 203:11 204:47 205:53 206:4 207:2 208:2 209:17 210:188 211:11 212:8 213:15 214:95
ClipAndMerge,gen_n1000000_l225_merged.fq,1000000,225,999911,711929,287982,0.428,0:510243 1:166789 2:27231 3:3022 4:350 5:151 6:90 7:16 8:57 9:23 10:51 11:16 12:29 13:4 14:4 15:65 16:33 17:13 18:17 19:5 20:54 21:18 22:11 23:6 24:27 25:42 26:30 27:12 28:28 29:12 30:40 31:16 32:17 33:21 34:13 35:35 36:25 37:14 38:11 39:15 40:40 41:7 42:42 43:16 44:13 45:19 46:15 47:4 48:15 49:18 50:35 51:18 52:19 53:13 54:14 55:35 56:23 57:6 58:6 59:13 60:55 61:11 62:23 63:17 64:80 65:47 66:29 67:12 68:35 69:9 70:52 71:10 72:13 73:4 74:16 75:48 76:24 77:13 78:33 79:16 80:61 81:11 82:13 83:6 84:40 85:41 86:12 87:14 88:19 89:17 90:58 91:7 92:13 93:11 94:14 95:39 96:37 97:13 98:20 99:23 100:65 101:9 102:3 104:14 105:18 106:4 107:4 108:3 109:3 110:22 111:4 112:10 113:1 114:2 115:25 116:7 117:3 118:2 119:2 120:30 121:5 122:3 123:2 124:6 125:14 126:11 127:6 128:30 129:7 130:21 131:1 132:8 134:10 135:16 136:6 137:5 138:2 139:3 140:14 142:1 144:6 145:18 147:10 148:1 150:22 151:1 152:2 153:4 154:3 155:28 156:1 157:1 158:1 159:1 160:20 162:4 164:2 165:28 166:3 167:2 168:10 169:4 170:29 171:23 172:7 173:22 174:11 175:57 176:5 177:1 178:3 179:12 180:43 181:1 183:3 184:4 185:33 186:3 187:1 188:2 189:4 190:29 191:1 192:10 193:4 194:10 195:50 196:4 197:1 198:1 199:31 200:90 201:5 202:4 203:22 204:37 205:183 206:4 207:4 208:3 209:16 210:108 211:3 212:4 213:11 214:84 215:329
ClipAndMerge,gen_n1000000_l226_merged.fq,1000000,226,999920,710155,289765,0.411,0:507313 1:167577 2:27580 3:3090 4:383 5:153 6:92 7:20 8:50 9:27 10:83 11:25 12:25 13:6 14:4 15:48 16:40 17:11 18:17 19:6 20:47 21:22 22:11 23:16 24:23 25:24 26:28 27:13 28:20 29:9 30:52 31:20 32:22 33:18 34:14 35:33 36:23 37:20 38:14 39:11 40:35 41:13 42:44 43:18 44:13 45:28 46:10 47:6 48:9 49:31 50:36 51:11 52:14 53:13 54:20 55:32 56:23 57:14 58:12 59:6 60:58 61:13 62:16 63:19 64:79 65:60 66:18 67:11 68:29 69:7 70:41 71:13 72:22 73:4 74:23 75:70 76:25 77:6 78:33 79:12 80:59 81:16 82:11 83:4 84:54 85:38 86:9 87:18 88:18 89:8 90:74 91:12 92:20 93:14 94:10 95:39 96:63 97:8 98:23 99:21 100:50 101:10 102:6 103:3 104:14 105:20 106:4 107:6 108:1 109:3 110:19 111:3 112:8 113:2 114:6 115:23 116:3 117:2 118:2 119:1 120:23 121:6 122:2 123:2 124:3 125:16 126:10 127:3 128:22 129:5 130:23 131:4 132:5 133:1 134:2 135:15 136:5 137:5 138:6 139:3 140:18 141:2 142:2 143:1 144:9 145:14 146:2 147:13 149:1 150:24 152:1 153:14 154:4 155:13 156:6 158:1 159:3 160:17 161:1 162:1 163:3 164:1 165:16 166:1 167:2 168:14 169:6 170:27 171:21 172:4 173:13 174:7 175:53 176:2 177:1 178:1 179:3 180:13 181:1 182:2 183:2 184:4 185:37 186:3 188:2 189:4 190:18 192:17 193:6 194:6 195:43 196:5 197:4 198:5 199:19 200:80 201:11 202:7 203:12 204:30 205:177 206:16 207:5 208:2 209:17 210:97 211:1 212:5 213:4 214:57 215:294 216:24
ClipAndMerge,gen_n1000000_l227_merged.fq,1000000,227,999921,708353,291568,0.399,0:504151 1:168088 2:28403 3:3125 4:402 5:188 6:96 7:17 8:70 9:22 10:86 11:27 12:39 13:18 14:6 15:37 16:25 17:8 18:19 19:10 20:59 21:23 22:11 23:7 24:21 25:26 26:25 27:9 28:15 29:19 30:41 31:20 32:28 33:16 34:13 35:29 36:16 37:22 38:14 39:22 40:48 41:11 42:50 43:19 44:18 45:15 46:15 47:6 48:16 49:21 50:50 51:16 52:16 53:15 54:23 55:30 56:19 57:12 58:10 59:9 60:45 61:23 62:22 63:14 64:79 65:46 66:18 67:9 68:14 69:10 70:58 71:13 72:34 73:9 74:16 75:64 76:27 77:10 78:28 79:1 80:46 81:16 82:14 83:1 84:60 85:36 86:20 87:13 88:14 89:11 90:75 91:10 92:6 93:18 94:17 95:47 96:32 97:9 98:27 99:19 100:56 101:14 102:40 103:1 104:16 105:22 106:9 107:2 108:3 109:1 110:18 111:5 112:3 114:2 115:17 116:4 118:1 119:1 120:32 121:3 122:1 123:1 124:4 125:26 126:7 127:3 128:16 129:2 130:21 131:2 132:1 134:3 135:23 136:6 137:7 138:1 139:3 140:18 141:1 142:4 144:9 145:19 146:2 147:6 148:1 149:2 150:16 151:1 152:1 153:6 155:16 156:4 157:2 158:1 159:5 160:13 161:1 162:5 163:3 164:5 165:28 166:4 167:4 168:15 169:3 170:29 171:12 172:5 173:16 174:12 175:50 176:2 177:4 178:3 179:3 180:34 181:3 182:1 183:3 184:8 185:29 186:3 187:1 188:1 189:6 190:27 191:1 192:14 193:3 194:8 195:39 196:2 198:5 199:24 200:67 201:3 202:3 203:11 204:19 205:151 206:7 207:3 208:2 209:21 210:87 212:5 213:4 214:58 215:242 216:11 217:16
ClipAndMerge,gen_n1000000_l228_merged.fq,1000000,228,999925,707740,292185,0.403,0:500210 1:170289 2:29207 3:3389 4:441 5:180 6:111 7:38 8:67 9:25 10:90 11:19 12:45 13:10 14:13 15:45 16:22 17:5 18:14 19:3 20:51 21:13 22:14 23:15 24:21 25:36 26:26 27:13 28:19 29:9 30:46 31:23 32:14 33:19 34:18 35:34 36:19 37:14 38:17 39:13 40:42 41:13 42:48 43:21 44:13 45:31 46:15 47:13 48:14 49:26 50:34 51:12 52:21 53:21 54:27 55:37 56:21 57:17 58:11 59:8 60:53 61:15 62:18 63:12 64:78 65:37 66:19 67:8 68:17 69:10 70:39 71:5 72:15 73:7 74:11 75:69 76:17 77:6 78:22 79:7 80:44 81:13 82:17 83:6 84:50 85:37 86:14 87:24 88:11 89:14 90:73 91:7 92:17 93:14 94:16 95:49 96:35 97:5 98:29 99:13 100:63 101:15 102:30 103:8 104:13 105:19 106:3 107:3 108:5 109:3 110:16 112:6 113:2 114:6 115:30 116:6 117:1 118:2 119:3 120:27 121:10 122:3 123:1 124:8 125:12 126:11 127:3 128:30 129:5 130:19 132:5 133:2 134:7 135:15 136:5 137:6 138:7 139:7 140:30 141:2 142:2 143:1 144:13 145:15 146:4 147:9 148:2 149:1 150:17 151:1 152:2 153:3 154:3 155:25 156:3 159:3 160:14 163:1 164:4 165:17 166:4 167:2 168:18 169:7 170:30 171:13 172:4 173:16 174:8 175:48 176:5 179:7 180:24 181:2 182:1 183:5 184:9 185:22 187:2 188:4 189:5 190:28 192:13 193:5 194:13 195:43 196:2 197:1 198:4 199:24 200:68 201:7 202:6 203:7 204:23 205:133 206:9 207:5 208:3 209:17 210:95 211:1 212:2 213:5 214:47 215:207 216:14 217:20 218:58
ClipAndMerge,gen_n1000000_l229_merged.fq,1000000,229,999915,704741,295174,0.416,0:496476 1:170605 2:29373 3:3481 4:417 5:190 6:123 7:39 8:84 9:35 10:105 11:26 12:43 13:14 14:11 15:45 16:14 17:6 18:11 19:6 20:58 21:22 22:16 23:22 24:21 25:42 26:31 27:13 28:18 29:13 30:49 31:20 32:21 33:11 34:15 35:33 36:28 37:10 38:15 39:13 40:32 41:17 42:52 43:21 44:11 45:16 46:16 47:4 48:18 49:24 50:27 51:14 52:12 53:14 54:32 55:34 56:21 57:11 58:11 59:12 60:48 61:9 62:23 63:16 64:67 65:43 66:19 67:5 68:28 69:7 70:52 71:19 72:32 73:5 74:18 75:62 76:26 77:14 78:25 79:6 80:48 81:17 82:11 83:5 84:50 85:39 86:8 87:17 88:12 89:10 90:68 91:6 92:16 93:15 94:10 95:40 96:35 97:12 98:28 99:19 100:52 101:10 102:46 103:4 104:31 105:36 106:3 107:2 108:5 109:1 110:21 111:1 112:6 113:3 114:3 115:27 116:8 117:2 118:3 119:1 120:22 121:7 122:2 123:3 124:5 125:21 126:10 127:4 128:36 129:6 130:21 131:4 132:3 133:1 134:4 135:17 136:6 137:6 138:7 139:4 140:19 141:1 142:1 143:1 144:6 145:15 147:7 148:1 149:1 150:17 151:2 152:5 153:3 154:2 155:22 156:3 158:1 159:2 160:20 161:2 162:1 163:5 164:7 165:20 166:1 167:1 168:14 169:5 170:22 171:24 172:7 173:12 174:15 175:36 176:3 177:2 178:2 179:7 180:28 181:3 182:2 184:6 185:19 186:4 187:1 188:4 189:6 190:15 191:1 192:19 193:2 194:2 195:30 196:4 198:4 199:20 200:62 201:6 202:3 203:15 204:17 205:113 206:10 207:10 208:9 209:50 210:78 211:1 212:2 213:5 214:25 215:167 216:12 217:10 218:51 219:192
ClipAndMerge,gen_n1000000_l22_merged.fq,1000000,22,999918,998494,1424,0.021,0:993976 1:4514 6:1 8:1 10:1 11:1
ClipAndMerge,gen_n1000000_l230_merged.fq,1000000,230,999909,702997,296912,0.456,0:493296 1:171262 2:29828 3:3436 4:466 5:219 6:132 7:32 8:76 9:38 10:119 11:20 12:48 13:15 14:14 15:45 16:24 17:4 18:9 19:4 20:64 21:29 22:13 23:9 24:17 25:33 26:26 27:14 28:23 29:6 30:61 31:19 32:19 33:20 34:12 35:36 36:29 37:7 38:15 39:8 40:36 41:15 42:59 43:24 44:17 45:24 46:17 47:6 48:18 49:28 50:34 51:4 52:12 53:13 54:26 55:41 56:17 57:5 58:15 59:12 60:41 61:15 62:23 63:14 64:80 65:40 66:19 67:12 68:15 69:6 70:37 71:10 72:21 73:3 74:16 75:58 76:21 77:11 78:15 79:8 80:41 81:23 82:14 83:2 84:58 85:38 86:15 87:20 88:9 89:18 90:65 91:8 92:16 93:15 94:3 95:44 96:41 97:12 98:16 99:17 100:60 101:11 102:40 103:6 104:29 105:63 106:4 107:2 108:4 109:1 110:17 111:3 112:3 114:4 115:21 116:3 117:1 118:3 119:4 120:24 121:13 122:2 123:1 124:9 125:20 126:8 127:3 128:28 129:1 130:21 131:2 132:3 134:3 135:20 136:9 137:9 138:2 139:3 140:19 141:3 142:1 144:7 145:10 146:4 147:10 148:3 149:1 150:17 151:1 152:2 153:4 154:1 155:15 156:3 157:1 158:2 159:1 160:11 161:1 162:3 163:2 164:7 165:17 167:4 168:15 169:8 170:27 171:16 172:3 173:17 174:8 175:42 176:5 177:2 178:2 179:8 180:27 181:6 183:4 184:3 185:23 186:2 187:2 188:2 189:9 190:33 191:2 192:14 193:4 194:2 195:35 196:2 198:2 199:22 200:41 201:2 202:4 203:7 204:24 205:104 206:6 207:4 208:4 209:40 210:226 211:2 213:4 214:26 215:90 216:5 217:9 218:50 219:135 220:347
ClipAndMerge,gen_n1000000_l231_merged.fq,1000000,231,999908,639830,360078,0.485,0:447980 1:156411 2:26847 3:3218 4:499 5:235 6:151 7:54 8:93 9:30 10:108 11:34 12:47 13:12 14:17 15:58 16:35 17:14 18:10 19:6 20:39 21:19 22:10 23:16 24:30 25:55 26:37 27:17 28:26 29:16 30:52 31:20 32:13 33:14 34:14 35:27 36:28 37:12 38:10 39:6 40:37 41:14 42:55 43:25 44:19 45:18 46:13 47:3 48:19 49:29 50:35 51:17 52:19 53:6 54:24 55:33 56:25 57:12 58:14 59:8 60:47 61:15 62:15 63:11 64:88 65:52 66:18 67:6 68:24 69:6 70:35 71:13 72:23 73:4 74:22 75:56 76:32 77:9 78:22 80:40 81:24 82:13 83:3 84:62 85:36 86:22 87:17 88:16 89:23 90:65 91:10 92:13 93:15 94:13 95:50 96:34 97:13 98:25 99:20 100:46 101:11 102:40 103:4 104:20 105:66 106:19 107:1 108:4 109:3 110:24 111:4 112:7 113:2 114:6 115:19 116:4 117:1 118:3 119:1 120:29 121:5 122:2 123:1 124:6 125:19 126:10 127:4 128:30 129:4 130:16 131:3 132:2 133:2 134:7 135:20 136:10 137:8 138:6 139:7 140:9 141:9 142:2 143:3 144:12 145:24 146:1 147:4 149:5 150:17 151:1 152:1 153:2 154:1 155:16 156:2 157:1 159:5 160:14 161:1 162:2 163:3 164:3 165:23 166:5 167:2 168:21 169:6 170:30 171:17 172:7 173:6 174:11 175:49 176:9 178:3 179:11 180:14 181:2 183:2 184:11 185:18 186:3 187:1 188:2 189:8 190:42 191:6 192:19 193:3 194:3 195:27 196:4 197:3 198:5 199:15 200:55 201:7 202:5 203:6 204:18 205:107 206:6 207:3 208:10 209:48 210:221 211:9 212:3 213:6 214:19 215:87 216:3 217:6 218:27 219:103 220:281 221:41
ClipAndMerge,gen_n1000000_l232_merged.fq,1000000,232,999927,641881,358046,0.485,0:446980 1:158107 2:27902 3:3327 4:525 5:303 6:163 7:59 8:114 9:36 10:121 11:40 12:68 13:25 14:21 15:67 16:39 17:8 18:18 19:5 20:40 21:22 22:15 23:19 24:27 25:41 26:23 27:25 28:23 29:17 30:41 31:17 32:23 33:16 34:16 35:36 36:16 37:11 38:12 39:13 40:25 41:14 42:60 43:25 44:12 45:23 46:12 47:10 48:25 49:23 50:37 51:11 52:15 53:3 54:23 55:46 56:20 57:10 58:18 59:6 60:41 61:11 62:15 63:20 64:77 65:43 66:20 67:10 68:11 69:9 70:35 71:11 72:22 73:7 74:20 75:68 76:25 77:15 78:22 79:10 80:41 81:15 82:14 83:2 84:45 85:36 86:16 87:18 88:16 89:10 90:47 91:13 92:18 93:20 94:16 95:37 96:37 97:12 98:23 99:15 100:55 101:10 102:60 103:7 104:25 105:60 106:16 107:3 108:6 109:2 110:27 111:3 112:6 113:1 114:8 115:23 116:6 117:3 118:4 119:4 120:29 121:8 122:1 123:2 124:14 125:26 126:3 127:7 128:31 129:3 130:27 131:4 132:3 133:1 134:4 135:26 136:5 137:10 138:3 139:6 140:16 141:4 143:1 144:6 145:15 147:9 148:4 149:4 150:15 152:5 153:9 154:9 155:27 156:3 157:1 158:1 159:4 160:19 161:1 162:3 163:4 164:5 165:21 166:2 167:3 168:20 169:5 170:18 171:25 172:6 173:18 174:12 175:53 176:5 177:2 178:2 179:6 180:20 181:2 183:5 184:5 185:28 186:4 187:2 188:4 189:8 190:28 191:2 192:18 193:3 194:5 195:32 196:4 197:1 198:5 199:24 200:52 201:7 202:2 203:8 204:21 205:91 206:9 207:2 208:5 209:40 210:206 211:7 212:8 213:3 214:18 215:82 216:3 217:5 218:17 219:93 220:275 221:34 222:46
ClipAndMerge,gen_n1000000_l233_merged.fq,1000000,233,999907,643017,356890,0.464,0:446556 1:159267 2:28109 3:3425 4:605 5:316 6:204 7:59 8:109 9:40 10:138 11:47 12:80 13:22 14:15 15:60 16:48 17:8 18:10 19:10 20:50 21:25 22:11 23:24 24:32 25:64 26:41 27:19 28:27 29:25 30:64 31:18 32:25 33:11 34:12 35:27 36:26 37:11 38:11 39:10 40:28 41:16 42:26 43:7 44:24 45:31 46:28 47:6 48:17 49:31 50:41 51:13 52:18 53:8 54:23 55:39 56:17 57:11 58:13 59:6 60:41 61:13 62:29 63:16 64:82 65:48 66:19 67:12 68:25 69:10 70:34 71:10 72:13 73:5 74:24 75:72 76:35 77:11 78:28 79:2 80:47 81:13 82:9 83:5 84:53 85:44 86:11 87:17 88:10 89:13 90:55 91:13 92:20 93:12 94:14 95:32 96:41 97:7 98:29 99:22 100:56 101:11 102:29 103:4 104:21 105:80 106:25 107:2 108:30 109:3 110:29 111:6 112:4 113:2 114:5 115:21 116:3 117:1 118:2 119:3 120:24 121:3 122:1 123:1 124:13 125:24 126:8 127:2 128:37 129:3 130:18 131:1 132:7 133:1 134:2 135:24 136:6 137:6 138:6 139:3 140:23 141:1 142:1 143:3 144:4 145:17 146:2 147:13 148:1 150:16 151:2 152:2 153:6 154:3 155:18 156:5 158:2 159:3 160:20 162:1 163:6 164:5 165:12 166:2 167:5 168:8 169:7 170:21 171:25 172:8 173:15 174:9 175:45 176:3 177:3 178:4 179:6 180:31 182:2 183:5 184:3 185:19 186:3 187:1 188:2 189:9 190:29 191:5 192:15 193:4 194:6 195:31 196:4 198:5 199:18 200:33 201:8 202:4 203:8 204:13 205:83 206:8 207:3 208:4 209:39 210:185 211:6 212:13 213:9 214:15 215:63 216:9 217:1 218:12 219:89 220:222 221:28 222:35 223:21
ClipAndMerge,gen_n1000000_l234_merged.fq,1000000,234,999922,646073,353849,0.46,0:445760 1:162224 2:29075 3:3430 4:540 5:342 6:201 7:70 8:110 9:43 10:152 11:38 12:91 13:27 14:30 15:93 16:38 17:10 18:15 19:7 20:49 21:16 22:9 23:8 24:33 25:41 26:34 27:24 28:29 29:26 30:58 31:18 32:21 33:18 34:13 35:39 36:19 37:7 38:23 39:13 40:34 41:13 42:39 43:14 44:20 45:30 46:19 47:10 48:16 49:33 50:36 51:15 52:17 53:6 54:21 55:35 56:15 57:5 58:13 59:15 60:41 61:15 62:29 63:15 64:71 65:31 66:18 67:19 68:18 69:14 70:27 71:11 72:16 73:6 74:11 75:48 76:25 77:8 78:19 79:7 80:46 81:10 82:13 83:2 84:59 85:41 86:10 87:21 88:15 89:15 90:45 91:7 92:15 93:12 94:19 95:41 96:31 97:9 98:28 99:18 100:48 101:8 102:43 103:6 104:26 105:65 106:18 107:5 108:41 109:5 110:24 111:2 112:3 114:4 115:26 116:2 117:2 118:4 119:3 120:30 121:10 122:4 123:2 124:9 125:25 126:6 127:6 128:24 129:1 130:19 131:1 132:2 133:1 134:4 135:23 136:10 137:4 138:4 139:2 140:17 141:2 142:2 143:1 144:14 145:18 147:10 148:3 149:4 150:15 151:2 153:8 154:2 155:14 156:3 158:1 159:5 160:25 161:1 162:3 163:2 164:4 165:21 166:1 167:5 168:22 169:7 170:26 171:24 172:9 173:19 174:23 175:47 176:3 178:2 179:6 180:24 181:1 182:3 183:3 184:6 185:19 186:5 188:3 189:10 190:32 191:2 192:11 193:6 194:5 195:22 196:2 197:1 198:4 199:22 200:38 201:10 202:4 203:11 204:12 205:62 206:6 207:1 208:3 209:24 210:156 211:9 212:4 213:5 214:58 215:51 216:2 217:9 218:7 219:50 220:171 221:26 222:23 223:12 224:139
ClipAndMerge,gen_n1000000_l235_merged.fq,1000000,235,999915,649130,350785,0.508,0:445887 1:163549 2:30042 3:3704 4:460 5:319 6:194 7:83 8:119 9:56 10:145 11:64 12:99 13:25 14:27 15:91 16:49 17:24 18:11 19:10 20:38 21:21 22:10 23:6 24:17 25:48 26:50 27:24 28:27 29:14 30:59 31:30 32:16 33:14 34:18 35:38 36:31 37:8 38:21 39:13 40:32 41:15 42:32 43:12 44:10 45:30 46:16 47:12 48:21 49:31 50:44 51:10 52:13 53:9 54:21 55:37 56:23 57:13 58:17 59:11 60:53 61:16 62:20 63:12 64:65 65:36 66:20 67:13 68:18 69:11 70:40 71:16 72:21 73:5 74:18 75:72 76:31 77:14 78:22 79:3 80:51 81:8 82:15 83:3 84:38 85:49 86:9 87:16 88:16 89:14 90:68 91:12 92:20 93:13 94:14 95:40 96:30 97:9 98:30 99:17 100:44 101:6 102:29 103:1 104:26 105:51 106:24 107:2 108:45 109:6 110:56 111:5 112:10 113:1 114:9 115:14 116:6 117:3 118:1 119:4 120:29 121:4 122:1 123:3 124:12 125:27 126:9 127:4 128:25 129:8 130:19 131:2 132:4 133:3 134:10 135:22 136:10 137:8 138:4 139:4 140:11 141:3 142:1 143:3 144:7 145:25 146:3 147:7 148:2 149:5 150:13 152:3 153:6 154:1 155:25 156:1 157:3 158:1 159:1 160:13 161:1 162:1 163:2 164:3 165:20 166:4 167:5 168:23 169:8 170:30 171:18 172:5 173:18 174:14 175:62 176:3 177:3 178:1 179:9 180:23 181:2 182:2 183:6 184:4 185:19 186:2 188:4 189:10 190:23 191:1 192:14 193:5 194:5 195:39 196:4 197:1 198:2 199:13 200:29 201:6 202:4 203:15 204:10 205:54 206:12 207:2 208:3 209:24 210:128 211:4 212:8 213:9 214:39 215:210 216:2 217:4 218:8 219:39 220:104 221:16 222:17 223:11 224:107 225:323
ClipAndMerge,gen_n1000000_l236_merged.fq,1000000,236,999917,652615,347302,0.484,0:445702 1:166466 2:30894 3:3879 4:465 5:144 6:163 7:71 8:141 9:58 10:168 11:70 12:86 13:23 14:23 15:91 16:66 17:17 18:22 19:7 20:69 21:19 22:12 23:17 24:23 25:38 26:48 27:23 28:33 29:18 30:61 31:20 32:18 33:31 34:20 35:35 36:28 37:20 38:14 39:11 40:41 41:8 42:41 43:12 44:7 45:17 46:11 47:6 48:23 49:33 50:49 51:19 52:15 53:6 54:18 55:26 56:14 57:18 58:14 59:17 60:49 61:23 62:21 63:13 64:62 65:42 66:27 67:12 68:25 69:11 70:61 71:10 72:14 73:4 74:15 75:65 76:30 77:4 78:25 79:7 80:39 81:14 82:13 83:6 84:52 85:36 86:6 87:22 88:11 89:15 90:81 91:15 92:9 93:12 94:14 95:25 96:36 97:9 98:24 99:29 100:45 101:3 102:41 103:7 104:24 105:42 106:23 107:6 108:45 109:8 110:64 111:14 112:7 113:2 114:2 115:18 116:2 117:1 119:1 120:27 121:5 122:2 123:2 124:12 125:23 126:8 127:5 128:22 129:5 130:25 131:3 132:1 133:2 134:4 135:23 136:11 137:3 138:7 139:3 140:15 143:3 144:9 145:12 146:4 147:15 148:3 149:2 150:19 152:3 153:11 154:4 155:11 156:2 157:2 159:4 160:24 161:2 163:2 164:4 165:22 167:1 168:12 169:6 170:26 171:14 172:6 173:13 174:15 175:67 176:9 177:3 178:4 179:3 180:21 182:2 183:1 185:18 188:2 189:4 190:36 191:2 192:23 193:2 194:2 195:32 196:2 197:2 198:1 199:10 200:29 201:13 202:3 203:9 204:17 205:46 206:6 207:1 208:7 209:33 210:121 211:7 212:5 213:6 214:38 215:174 216:9 217:4 218:5 219:39 220:87 221:8 222:11 223:7 224:68 225:278 226:27
ClipAndMerge,gen_n1000000_l237_merged.fq,1000000,237,999921,654886,345035,0.473,0:445093 1:168187 2:31777 3:4139 4:566 5:222 6:68 7:45 8:148 9:65 10:210 11:63 12:109 13:41 14:22 15:84 16:64 17:18 18:26 19:7 20:86 21:28 22:8 23:6 24:19 25:24 26:20 27:18 28:27 29:16 30:62 31:25 32:15 33:21 34:15 35:57 36:26 37:12 38:12 39:12 40:32 41:15 42:28 43:11 44:15 45:20 46:10 47:6 48:27 49:37 50:33 51:16 52:13 53:5 54:23 55:24 56:26 57:14 58:15 59:10 60:56 61:13 62:15 63:19 64:73 65:35 66:16 67:14 68:18 69:15 70:38 71:18 72:27 73:8 74:8 75:54 76:31 77:14 78:16 79:2 80:50 81:9 82:14 83:4 84:40 85:37 86:18 87:22 88:13 89:23 90:60 91:11 92:13 93:20 94:21 95:54 96:49 97:4 98:23 99:14 100:29 101:10 102:32 103:5 104:25 105:40 106:21 107:9 108:39 109:6 110:51 111:15 112:26 113:5 114:5 115:22 116:6 117:2 118:2 119:1 120:24 121:3 122:4 124:9 125:24 126:13 127:3 128:28 130:19 131:5 132:4 133:1 134:4 135:17 136:9 137:8 138:4 139:12 140:25 141:1 142:2 143:4 144:8 145:16 146:4 147:16 148:1 149:5 150:18 151:1 152:5 153:5 154:3 155:20 156:5 157:2 159:7 160:27 161:4 162:2 163:3 164:5 165:19 166:3 167:5 168:17 169:6 170:25 171:17 172:4 173:11 174:13 175:53 176:5 177:1 178:3 179:3 180:23 182:1 183:4 184:4 185:22 186:3 187:1 188:4 189:6 190:31 191:3 192:21 193:3 194:3 195:22 196:7 197:2 198:2 199:15 200:39 201:7 202:5 203:17 204:12 205:41 206:7 207:3 208:4 209:16 210:103 211:2 212:4 213:8 214:44 215:130 216:9 217:10 218:8 219:31 220:77 221:11 222:14 223:5 224:53 225:239 226:14 227:48
ClipAndMerge,gen_n1000000_l238_merged.fq,1000000,238,999925,658283,341642,0.459,0:445693 1:170223 2:32324 3:4337 4:587 5:238 6:89 7:28 8:154 9:95 10:194 11:82 12:108 13:47 14:30 15:115 16:69 17:26 18:22 19:11 20:64 21:27 22:13 23:14 24:24 25:36 26:23 27:8 28:32 29:17 30:57 31:28 32:36 33:24 34:18 35:28 36:15 37:12 38:19 39:18 40:36 41:14 42:42 43:20 44:13 45:20 46:20 47:5 48:19 49:23 50:36 51:11 52:24 53:13 54:18 55:28 56:17 57:9 58:13 59:9 60:50 61:13 62:19 63:23 64:68 65:30 66:12 67:9 68:21 69:12 70:40 71:12 72:21 73:2 74:18 75:68 76:29 77:12 78:22 79:8 80:29 81:11 82:14 83:4 84:46 85:25 86:13 87:23 88:12 89:17 90:68 91:5 92:19 93:18 94:14 95:32 96:29 97:11 98:24 99:15 100:44 101:9 102:37 103:10 104:17 105:52 106:23 107:5 108:43 109:4 110:51 111:17 112:26 113:3 114:8 115:27 116:3 117:2 118:4 119:1 120:33 121:8 122:1 123:3 124:11 125:23 126:11 127:5 128:18 129:5 130:18 131:4 132:3 133:3 134:4 135:23 136:5 137:4 138:5 139:5 140:20 141:2 142:1 144:9 145:15 146:4 147:7 148:1 149:1 150:22 152:2 153:5 154:1 155:16 156:5 157:1 158:2 159:4 160:24 162:1 163:3 164:4 165:16 166:3 167:2 168:17 169:7 170:23 171:16 172:8 173:19 174:5 175:48 176:8 177:2 178:2 179:8 180:26 182:2 183:2 184:8 185:17 186:2 187:1 188:1 189:3 190:25 191:1 192:21 193:1 194:4 195:27 196:3 197:2 198:1 199:18 200:33 201:6 202:3 203:10 204:11 205:40 206:9 207:5 208:2 209:13 210:93 211:3 212:1 213:4 214:37 215:139 216:10 217:10 218:20 219:12 220:67 221:8 222:10 223:7 224:56 225:214 226:13 227:31 228:46
ClipAndMerge,gen_n1000000_l239_merged.fq,1000000,239,999926,661670,338256,0.469,0:445241 1:172464 2:33436 3:4429 4:678 5:281 6:176 7:72 8:58 9:73 10:264 11:79 12:138 13:34 14:37 15:108 16:79 17:20 18:25 19:8 20:92 21:34 22:25 23:14 24:43 25:40 26:24 27:17 28:12 29:18 30:52 31:33 32:19 33:19 34:23 35:36 36:17 37:19 38:23 39:13 40:30 41:18 42:41 43:16 44:17 45:29 46:17 47:6 48:20 49:34 50:57 51:16 52:14 53:10 54:26 55:29 56:18 57:10 58:15 59:8 60:56 61:15 62:16 63:21 64:65 65:39 66:19 67:12 68:16 69:19 70:33 71:9 72:17 73:5 74:13 75:47 76:15 77:9 78:23 79:6 80:48 81:20 82:10 83:5 84:43 85:26 86:12 87:12 88:13 89:13 90:73 91:9 92:11 93:14 94:16 95:40 96:33 97:16 98:20 99:9 100:46 101:3 102:49 103:6 104:17 105:42 106:19 107:3 108:32 109:6 110:59 111:15 112:29 113:1 114:48 115:25 116:6 117:5 118:3 119:1 120:26 121:12 122:2 123:1 124:15 125:24 126:8 127:3 128:27 129:2 130:17 131:3 132:5 134:4 135:21 136:5 137:8 138:7 139:5 140:21 141:1 142:5 143:3 144:12 145:15 146:2 147:9 148:5 149:2 150:13 151:2 152:3 153:9 154:4 155:11 156:2 157:1 158:4 159:5 160:20 161:2 162:1 163:2 164:8 165:10 166:2 167:2 168:19 169:6 170:22 171:13 172:11 173:19 174:10 175:52 176:4 177:3 178:4 179:4 180:20 181:3 182:2 184:4 185:17 186:2 189:7 190:22 191:1 192:21 193:6 194:2 195:20 196:4 197:2 198:2 199:16 200:29 201:4 202:1 203:7 204:8 205:33 206:6 207:2 208:1 209:14 210:82 211:3 212:3 213:8 214:25 215:122 216:9 217:6 218:29 219:96 220:51 221:8 222:10 223:5 224:37 225:162 226:6 227:17 228:15 229:165
ClipAndMerge,gen_n1000000_l23_merged.fq,1000000,23,999913,998317,1596,0.02,0:993675 1:4640 2:1 6:1
ClipAndMerge,gen_n1000000_l240_merged.fq,1000000,240,999921,666492,333429,0.512,0:445666 1:174887 2:34696 3:4645 4:815 5:323 6:215 7:78 8:67 9:28 10:253 11:92 12:123 13:49 14:53 15:134 16:91 17:25 18:26 19:13 20:87 21:28 22:14 23:22 24:23 25:33 26:28 27:19 28:20 29:22 30:65 31:21 32:35 33:18 34:21 35:32 36:17 37:17 38:16 39:9 40:26 41:20 42:54 43:12 44:23 45:32 46:11 47:8 48:16 49:14 50:43 51:14 52:18 53:9 54:23 55:26 56:23 57:7 58:13 59:6 60:38 61:17 62:29 63:18 64:66 65:33 66:13 67:8 68:11 69:7 70:31 71:11 72:24 73:2 74:18 75:47 76:18 77:10 78:24 79:5 80:35 81:9 82:20 83:4 84:48 85:33 86:10 87:15 88:20 89:12 90:71 91:7 92:13 93:16 94:8 95:35 96:26 97:7 98:30 99:20 100:43 101:8 102:23 103:1 104:28 105:52 106:15 107:2 108:30 109:5 110:43 111:13 112:33 113:1 114:28 115:43 116:6 117:2 118:3 119:1 120:45 121:9 122:4 123:2 124:16 125:26 126:7 127:4 128:31 129:9 130:23 131:1 132:6 133:1 134:4 135:24 136:9 137:10 138:4 139:6 140:18 141:3 142:2 143:2 144:5 145:16 146:1 147:8 149:6 150:15 151:1 152:1 153:4 154:1 155:21 156:5 157:2 158:4 159:1 160:26 161:2 162:4 163:5 164:3 165:28 166:3 167:3 168:11 169:7 170:22 171:21 172:12 173:13 174:8 175:64 176:3 178:4 179:6 180:20 181:1 182:1 183:4 184:1 185:27 186:1 187:1 188:6 189:7 190:23 191:1 192:23 193:4 194:9 195:32 196:1 197:1 198:1 199:17 200:35 201:4 202:2 203:9 204:11 205:33 206:4 207:2 208:1 209:10 210:56 211:1 212:1 213:4 214:17 215:108 216:2 217:7 218:20 219:68 220:193 221:11 222:8 223:7 224:34 225:103 226:3 227:15 228:16 229:104 230:347
ClipAndMerge,gen_n1000000_l241_merged.fq,1000000,241,999922,8479,991443,38.928,1:277 2:384 3:315 4:382 5:399 6:261 7:95 8:124 9:55 10:88 11:28 12:125 13:34 14:56 15:152 16:103 17:22 18:37 19:10 20:91 21:36 22:20 23:34 24:32 25:38 26:34 27:21 28:27 29:16 30:47 31:29 32:42 33:15 34:32 35:37 36:30 37:19 38:13 39:19 40:42 41:16 42:59 43:8 44:18 45:27 46:9 47:9 48:23 49:34 50:37 51:16 52:22 53:6 54:31 55:31 56:27 57:10 58:7 59:18 60:53 61:13 62:11 63:18 64:73 65:34 66:10 67:5 68:33 69:13 70:29 71:14 72:26 73:6 74:7 75:68 76:23 77:9 78:24 79:4 80:50 81:15 82:9 83:14 84:25 85:44 86:12 87:16 88:11 89:19 90:55 91:10 92:11 93:15 94:9 95:32 96:33 97:15 98:29 99:16 100:43 101:6 102:25 103:3 104:22 105:48 106:24 107:4 108:21 109:9 110:56 111:12 112:28 113:5 114:35 115:58 116:20 117:5 118:3 119:3 120:36 121:10 122:6 123:4 124:17 125:20 126:19 127:7 128:42 129:9 130:31 131:5 132:6 133:8 134:9 135:28 136:10 137:11 138:6 139:5 140:24 141:4 142:5 143:2 144:13 145:18 146:5 147:21 148:8 149:6 150:25 151:2 152:4 153:11 154:4 155:16 156:7 157:7 158:3 159:8 160:24 161:5 162:6 163:9 164:7 165:22 166:1 167:5 168:43 169:9 170:46 171:32 172:12 173:10 174:29 175:68 176:19 177:9 178:10 179:10 180:32 181:8 182:1 183:4 184:11 185:18 186:5 187:4 188:4 189:12 190:27 191:1 192:33 193:9 194:4 195:33 196:11 197:3 198:12 199:21 200:40 201:16 202:7 203:16 204:18 205:40 206:11 207:13 208:8 209:36 210:157 211:6 212:8 213:10 214:42 215:127 216:24 217:16 218:24 219:102 220:283 221:31 222:14 223:8 224:32 225:146 226:21 227:44 228:43 229:140 230:406 231:107
ClipAndMerge,gen_n1000000_l242_merged.fq,1000000,242,999910,8308,991602,37.282,2:352 3:374 4:435 5:508 6:278 7:128 8:134 9:67 10:99 11:31 12:114 13:65 14:51 15:155 16:130 17:40 18:57 19:8 20:108 21:31 22:23 23:21 24:44 25:51 26:39 27:19 28:21 29:15 30:50 31:20 32:20 33:21 34:28 35:48 36:43 37:26 38:15 39:15 40:42 41:8 42:56 43:15 44:12 45:20 46:16 47:4 48:17 49:26 50:34 51:11 52:22 53:7 54:26 55:29 56:13 57:8 58:10 59:13 60:48 61:22 62:15 63:15 64:81 65:41 66:23 67:9 68:15 69:9 70:27 71:15 72:27 73:5 74:12 75:49 76:16 77:12 78:13 79:2 80:44 81:12 82:11 83:3 84:44 85:37 86:11 87:15 88:9 89:12 90:54 91:11 92:15 93:20 94:26 95:32 96:33 97:8 98:24 99:19 100:55 101:7 102:23 103:5 104:32 105:57 106:18 107:5 108:22 109:5 110:41 111:11 112:27 113:2 114:37 115:52 116:15 117:18 118:1 119:3 120:41 121:8 122:3 123:3 124:14 125:36 126:19 127:7 128:34 129:10 130:24 131:3 132:4 133:3 134:10 135:27 136:9 137:7 138:6 139:3 140:29 141:5 142:4 143:2 144:17 145:23 146:4 147:24 148:5 149:4 150:17 151:2 152:5 153:16 154:5 155:23 156:9 157:2 158:5 159:7 160:34 161:3 162:2 163:10 164:1 165:18 166:2 167:10 168:62 169:9 170:43 171:33 172:14 173:20 174:32 175:52 176:14 177:8 178:5 179:17 180:37 181:4 182:7 183:8 184:14 185:26 186:6 187:4 188:8 189:6 190:29 191:3 192:22 193:6 194:9 195:29 196:7 197:3 198:13 199:17 200:37 201:12 202:15 203:14 204:10 205:45 206:6 207:4 208:4 209:30 210:115 211:6 212:10 213:8 214:30 215:114 216:11 217:11 218:13 219:100 220:238 221:42 222:48 223:5 224:44 225:113 226:14 227:26 228:31 229:123 230:362 231:72 232:64
ClipAndMerge,gen_n1000000_l243_merged.fq,1000000,243,999926,7934,991992,36.654,3:271 4:505 5:529 6:363 7:139 8:209 9:85 10:138 11:66 12:46 13:24 14:58 15:153 16:108 17:41 18:44 19:28 20:118 21:52 22:26 23:26 24:39 25:56 26:40 27:16 28:24 29:16 30:53 31:21 32:16 33:19 34:21 35:35 36:39 37:17 38:9 39:11 40:33 41:13 42:53 43:17 44:22 45:29 46:14 47:10 48:20 49:24 50:38 51:11 52:17 53:2 54:30 55:46 56:31 57:11 58:8 59:6 60:63 61:19 62:20 63:15 64:78 65:36 66:13 67:13 68:27 69:15 70:35 71:15 72:15 73:8 74:14 75:57 76:24 77:12 78:14 79:9 80:39 81:14 82:12 83:5 84:37 85:36 86:12 87:15 88:13 89:15 90:58 91:12 92:11 93:12 94:12 95:34 96:37 97:9 98:41 99:20 100:43 101:1 102:38 103:5 104:17 105:46 106:14 107:4 108:23 109:5 110:53 111:17 112:21 114:44 115:49 116:25 117:12 118:9 119:5 120:35 121:9 122:2 123:4 124:9 125:24 126:9 127:9 128:46 129:7 130:24 131:4 132:6 133:5 134:7 135:29 136:12 137:8 138:8 139:6 140:19 141:6 142:1 143:4 144:12 145:22 146:7 147:12 148:5 149:3 150:15 151:3 152:1 153:12 154:7 155:20 156:3 157:1 158:3 159:8 160:28 161:5 162:2 163:20 164:8 165:26 166:5 167:8 168:54 169:6 170:40 171:31 172:7 173:21 174:17 175:51 176:15 177:9 178:8 179:18 180:25 181:4 182:2 183:4 184:7 185:17 186:1 187:3 188:9 189:6 190:35 191:3 192:29 193:6 194:5 195:37 196:11 197:2 198:5 199:24 200:44 201:10 202:10 203:12 204:10 205:32 206:11 207:10 208:9 209:30 210:113 211:4 212:7 213:7 214:25 215:116 216:10 217:9 218:17 219:72 220:184 221:42 222:42 223:21 224:35 225:114 226:12 227:25 228:25 229:91 230:308 231:58 232:29 233:76
ClipAndMerge,gen_n1000000_l244_merged.fq,1000000,244,999921,8006,991915,37.161,4:462 5:633 6:443 7:179 8:210 9:97 10:139 11:51 12:57 13:17 14:60 15:168 16:161 17:45 18:57 19:21 20:127 21:51 22:29 23:26 24:49 25:57 26:48 27:27 28:31 29:17 30:55 31:25 32:22 33:16 34:27 35:41 36:38 37:14 38:18 39:15 40:40 41:10 42:50 43:20 44:23 45:15 46:9 47:6 48:15 49:26 50:22 51:11 52:14 53:4 54:29 55:39 56:21 57:6 58:12 59:5 60:45 61:16 62:13 63:16 64:65 65:40 66:32 67:12 68:14 69:12 70:27 71:9 72:20 73:8 74:13 75:40 76:14 77:12 78:18 79:6 80:49 81:23 82:16 83:2 84:48 85:51 86:19 87:8 88:10 89:13 90:71 91:7 92:12 93:13 94:11 95:40 96:38 97:13 98:17 99:23 100:38 101:7 102:30 103:5 104:29 105:41 106:19 107:2 108:21 109:1 110:53 111:20 112:21 113:5 114:41 115:49 116:18 117:13 118:15 119:7 120:41 121:15 122:7 123:3 124:14 125:25 126:10 127:5 128:30 129:10 130:29 131:2 132:3 133:6 134:5 135:29 136:10 137:5 138:9 139:6 140:28 141:3 142:2 143:5 144:10 145:22 146:4 147:16 148:2 149:1 150:21 151:3 152:5 153:11 154:6 155:24 156:7 157:4 158:3 159:4 160:25 161:5 162:9 163:20 164:9 165:28 166:3 167:7 168:41 169:6 170:38 171:31 172:10 173:8 174:19 175:77 176:16 177:4 178:10 179:17 180:31 181:3 182:9 183:4 184:10 185:17 186:5 187:1 188:2 189:10 190:26 191:4 192:22 193:1 194:5 195:28 196:6 197:6 198:7 199:19 200:46 201:8 202:11 203:10 204:18 205:38 206:7 207:4 208:4 209:22 210:103 211:7 212:2 213:10 214:19 215:91 216:16 217:11 218:11 219:75 220:175 221:25 222:37 223:15 224:134 225:82 226:9 227:27 228:26 229:62 230:251 231:50 232:27 233:42 234:226
ClipAndMerge,gen_n1000000_l245_merged.fq,1000000,245,999908,8194,991714,41.789,5:533 6:435 7:232 8:268 9:120 10:185 11:72 12:86 13:36 14:18 15:167 16:120 17:62 18:69 19:25 20:148 21:52 22:26 23:32 24:42 25:58 26:49 27:23 28:31 29:14 30:51 31:23 32:26 33:16 34:22 35:39 36:35 37:20 38:13 39:31 40:37 41:19 42:72 43:20 44:25 45:29 46:17 47:11 48:22 49:35 50:41 51:14 52:12 53:10 54:29 55:30 56:15 57:11 58:20 59:9 60:37 61:19 62:20 63:13 64:96 65:46 66:15 67:15 68:16 69:14 70:32 71:7 72:12 73:3 74:10 75:50 76:22 77:7 78:18 79:6 80:42 81:16 82:16 83:2 84:39 85:32 86:13 87:14 88:18 89:12 90:58 91:8 92:13 93:22 94:5 95:31 96:34 97:13 98:28 99:13 100:51 101:6 102:28 103:3 104:12 105:46 106:21 107:4 108:26 109:7 110:38 111:9 112:21 113:2 114:21 115:33 116:21 117:11 118:7 119:7 120:88 121:14 122:2 123:1 124:12 125:30 126:17 127:7 128:28 129:9 130:25 131:2 132:8 133:3 134:5 135:24 136:6 137:6 138:5 139:11 140:20 141:3 142:4 143:4 144:8 145:25 146:5 147:20 148:3 149:2 150:25 151:4 152:3 153:14 154:6 155:24 156:7 157:1 158:5 159:3 160:36 161:2 162:3 163:20 164:8 165:22 166:4 167:8 168:48 169:3 170:47 171:31 172:12 173:13 174:20 175:55 176:13 177:8 178:9 179:9 180:33 181:3 182:3 183:9 184:9 185:27 186:2 187:1 188:7 189:7 190:21 191:4 192:27 193:5 194:4 195:29 196:5 197:9 198:9 199:21 200:40 201:11 202:5 203:17 204:19 205:67 206:8 207:6 208:10 209:36 210:62 211:3 212:4 213:8 214:15 215:85 216:7 217:10 218:13 219:58 220:159 221:19 222:31 223:16 224:121 225:359 226:7 227:18 228:18 229:46 230:142 231:51 232:18 233:20 234:177 235:495
ClipAndMerge,gen_n1000000_l246_merged.fq,1000000,246,999926,7432,992494,44.339,6:321 7:261 8:277 9:141 10:242 11:94 12:103 13:35 14:25 15:62 16:100 17:45 18:52 19:30 20:136 21:48 22:33 23:29 24:53 25:59 26:59 27:28 28:33 29:18 30:51 31:21 32:31 33:16 34:17 35:32 36:31 37:20 38:20 39:20 40:34 41:13 42:64 43:17 44:18 45:29 46:14 47:7 48:12 49:29 50:40 51:15 52:8 53:10 54:28 55:37 56:28 57:10 58:16 59:2 60:37 61:13 62:23 63:25 64:66 65:38 66:19 67:13 68:13 69:9 70:43 71:15 72:18 73:2 74:8 75:39 76:13 77:13 78:13 79:8 80:53 81:14 82:15 83:7 84:49 85:24 86:16 87:13 88:14 89:24 90:54 91:12 92:11 93:20 94:7 95:24 96:41 97:10 98:26 99:19 100:31 101:11 102:29 103:4 104:24 105:49 106:15 107:2 108:27 109:3 110:52 111:10 112:31 113:3 114:32 115:40 116:27 117:16 118:5 119:9 120:101 121:12 122:4 123:3 124:13 125:25 126:16 127:9 128:39 129:6 130:36 131:8 132:6 133:2 134:10 135:24 136:9 137:7 138:7 139:3 140:21 141:5 142:5 143:7 144:15 145:21 146:2 147:20 148:5 149:3 150:23 151:1 152:3 153:13 154:5 155:24 156:4 157:1 158:4 159:3 160:28 161:1 162:1 163:18 164:4 165:21 166:3 167:6 168:48 169:11 170:37 171:19 172:7 173:13 174:17 175:61 176:16 177:6 178:6 179:15 180:29 181:3 182:1 183:5 184:9 185:26 186:7 187:3 188:2 189:6 190:20 191:5 192:23 193:3 194:5 195:28 196:14 197:6 198:12 199:23 200:38 201:9 202:3 203:10 204:16 205:50 206:11 207:3 208:3 209:19 210:72 211:8 212:7 213:3 214:21 215:90 216:8 217:5 218:8 219:61 220:147 221:25 222:34 223:15 224:99 225:322 226:27 227:17 228:10 229:37 230:136 231:34 232:25 233:26 234:152 235:441 236:72
ClipAndMerge,gen_n1000000_l247_merged.fq,1000000,247,999918,7064,992854,43.8,7:140 8:306 9:196 10:264 11:107 12:151 13:49 14:54 15:62 16:55 17:35 18:77 19:29 20:181 21:68 22:42 23:41 24:53 25:64 26:58 27:37 28:28 29:17 30:58 31:29 32:20 33:16 34:13 35:40 36:21 37:23 38:10 39:14 40:31 41:16 42:64 43:26 44:23 45:24 46:22 47:12 48:12 49:29 50:37 51:20 52:12 53:12 54:22 55:40 56:19 57:11 58:13 59:3 60:45 61:19 62:19 63:16 64:66 65:43 66:24 67:9 68:32 69:8 70:35 71:5 72:20 73:2 74:14 75:52 76:8 77:8 78:12 79:5 80:39 81:13 82:13 83:3 84:37 85:33 86:11 87:17 88:20 89:16 90:73 91:11 92:10 93:24 94:12 95:22 96:29 97:18 98:21 99:18 100:49 101:5 102:38 103:5 104:29 105:39 106:28 107:5 108:24 109:3 110:53 111:19 112:17 113:3 114:23 115:32 116:14 117:6 118:10 119:7 120:107 121:16 122:6 123:1 124:13 125:25 126:9 127:11 128:35 129:8 130:19 131:4 132:15 133:1 134:5 135:30 136:11 137:3 138:11 139:3 140:27 141:6 142:3 143:2 144:19 145:20 146:9 147:22 148:4 149:6 150:21 151:4 152:4 153:7 154:2 155:15 156:4 157:3 158:5 159:10 160:25 161:4 162:10 163:15 164:13 165:32 166:6 167:9 168:46 169:4 170:39 171:31 172:6 173:19 174:18 175:48 176:14 177:9 178:10 179:14 180:24 181:9 182:7 183:4 184:7 185:20 186:7 187:1 188:6 189:14 190:24 191:2 192:31 193:3 194:3 195:18 196:2 197:7 198:9 199:13 200:42 201:6 202:8 203:16 204:20 205:45 206:16 207:7 208:4 209:31 210:69 211:6 212:5 213:7 214:14 215:87 216:9 217:5 218:12 219:39 220:122 221:18 222:18 223:8 224:100 225:276 226:22 227:56 228:8 229:26 230:133 231:30 232:14 233:16 234:121 235:359 236:46 237:37
ClipAndMerge,gen_n1000000_l248_merged.fq,1000000,248,999911,6948,992963,42.244,8:296 9:232 10:353 11:130 12:115 13:69 14:49 15:61 16:53 17:19 18:93 19:31 20:194 21:71 22:49 23:41 24:55 25:64 26:62 27:27 28:37 29:16 30:67 31:20 32:21 33:21 34:23 35:38 36:24 37:17 38:23 39:18 40:36 41:25 42:79 43:19 44:25 45:31 46:11 47:7 48:23 49:31 50:30 51:18 52:10 53:6 54:34 55:29 56:14 57:8 58:14 59:11 60:60 61:20 62:20 63:11 64:82 65:44 66:16 67:11 68:17 69:20 70:38 71:14 72:25 73:3 74:10 75:47 76:18 77:10 78:12 79:9 80:40 81:10 82:6 83:4 84:36 85:40 86:10 87:9 88:19 89:11 90:55 91:11 92:16 93:11 94:12 95:38 96:24 97:13 98:27 99:22 100:40 101:7 102:36 103:2 104:23 105:54 106:15 107:4 108:22 109:5 110:50 111:14 112:20 113:2 114:35 115:26 116:19 117:8 118:7 119:2 120:112 121:7 122:11 123:16 124:11 125:29 126:24 127:5 128:38 129:10 130:27 131:3 132:3 133:3 134:7 135:27 136:12 137:6 138:7 139:7 140:13 141:3 142:4 143:3 144:15 145:21 146:2 147:25 148:7 149:4 150:24 151:3 152:1 153:15 154:2 155:34 156:3 158:1 159:8 160:25 161:2 162:12 163:14 164:4 165:26 166:7 167:6 168:36 169:8 170:46 171:35 172:10 173:14 174:15 175:58 176:16 177:6 178:6 179:6 180:30 181:1 182:2 183:5 184:12 185:25 186:6 187:3 188:6 189:5 190:32 191:2 192:41 193:4 194:3 195:27 196:5 197:5 198:4 199:13 200:33 201:13 202:6 203:11 204:14 205:42 206:5 207:14 208:9 209:26 210:63 211:2 212:7 213:4 214:12 215:64 216:8 217:11 218:8 219:37 220:109 221:10 222:21 223:10 224:95 225:228 226:14 227:50 228:32 229:26 230:81 231:40 232:3 233:9 234:96 235:296 236:34 237:40 238:87
ClipAndMerge,gen_n1000000_l249_merged.fq,1000000,249,999912,6891,993021,44.175,9:121 10:372 11:171 12:179 13:90 14:74 15:82 16:70 17:34 18:32 19:19 20:208 21:79 22:46 23:50 24:59 25:81 26:65 27:41 28:27 29:18 30:70 31:17 32:31 33:15 34:23 35:33 36:16 37:19 38:16 39:20 40:46 41:17 42:89 43:30 44:23 45:31 46:15 47:11 48:17 49:35 50:44 51:7 52:14 53:5 54:26 55:34 56:21 57:9 58:13 59:13 60:31 61:15 62:18 63:18 64:65 65:42 66:23 67:10 68:12 69:12 70:34 71:16 72:25 73:4 74:17 75:46 76:21 77:16 78:11 79:9 80:45 81:18 82:5 83:3 84:51 85:43 86:18 87:6 88:11 89:18 90:45 91:11 92:16 93:6 94:11 95:34 96:28 97:8 98:25 99:17 100:54 101:4 102:34 103:5 104:19 105:45 106:21 107:2 108:34 109:4 110:42 111:15 112:27 113:3 114:36 115:40 116:18 117:15 118:12 119:6 120:105 121:12 122:10 123:11 124:30 125:35 126:15 127:11 128:25 129:11 130:29 131:6 132:9 133:2 134:12 135:23 136:13 137:3 138:9 139:6 140:10 141:3 142:3 143:3 144:3 145:11 146:6 147:15 148:9 149:6 150:34 151:2 152:5 153:11 154:4 155:21 156:6 157:4 158:1 159:7 160:33 161:4 162:7 163:13 164:7 165:26 166:5 167:7 168:56 169:14 170:33 171:24 172:5 173:16 174:13 175:59 176:15 177:5 178:9 179:11 180:21 181:2 182:6 183:10 184:11 185:25 186:3 187:6 188:8 189:8 190:25 191:6 192:27 193:2 194:7 195:21 196:7 197:1 198:10 199:9 200:27 201:11 202:5 203:11 204:16 205:51 206:10 207:7 208:8 209:40 210:63 211:5 212:5 213:8 214:11 215:63 216:9 217:7 218:11 219:45 220:103 221:14 222:27 223:7 224:53 225:213 226:11 227:35 228:31 229:132 230:82 231:17 232:12 233:12 234:61 235:242 236:24 237:21 238:62 239:223
ClipAndMerge,gen_n1000000_l24_merged.fq,1000000,24,999929,998132,1797,0.02,0:993311 1:4819 12:1 14:1
ClipAndMerge,gen_n1000000_l250_merged.fq,1000000,250,999916,7429,992487,46.453,10:364 11:204 12:229 13:106 14:80 15:92 16:85 17:33 18:37 19:12 20:219 21:84 22:62 23:48 24:81 25:89 26:99 27:36 28:47 29:28 30:79 31:39 32:25 33:15 34:25 35:34 36:27 37:14 38:16 39:18 40:54 41:21 42:80 43:29 44:22 45:25 46:15 47:7 48:25 49:27 50:44 51:15 52:18 53:4 54:23 55:36 56:12 57:4 58:3 59:8 60:42 61:9 62:20 63:14 64:84 65:35 66:16 67:20 68:25 69:11 70:28 71:13 72:16 73:2 74:12 75:45 76:21 77:10 78:12 79:8 80:43 81:10 82:3 83:2 84:37 85:35 86:10 87:12 88:13 89:12 90:49 91:6 92:12 93:8 94:11 95:29 96:34 97:7 98:27 99:23 100:46 101:3 102:39 103:4 104:20 105:51 106:23 107:5 108:31 109:3 110:46 111:23 112:24 113:4 114:29 115:27 116:17 117:8 118:10 119:8 120:82 121:24 122:10 123:9 124:32 125:66 126:27 127:4 128:35 129:15 130:26 131:4 132:4 133:2 134:10 135:27 136:10 137:14 138:9 139:6 140:27 141:3 142:1 143:2 144:10 145:21 146:5 147:17 148:11 149:4 150:26 151:3 152:5 153:8 154:9 155:26 156:5 157:3 159:6 160:29 161:1 162:6 163:15 164:7 165:25 166:3 167:11 168:48 169:9 170:42 171:33 172:5 173:13 174:25 175:44 176:13 177:5 178:5 179:5 180:26 181:6 182:4 183:6 184:8 185:30 186:5 187:1 188:4 189:12 190:24 191:2 192:38 193:6 194:2 195:33 196:3 197:3 198:3 199:14 200:23 201:13 202:11 203:7 204:15 205:33 206:10 207:7 208:10 209:28 210:87 211:2 212:2 213:3 214:12 215:48 216:11 217:2 218:5 219:38 220:95 221:17 222:23 223:12 224:69 225:148 226:10 227:25 228:26 229:120 230:296 231:13 232:5 233:11 234:59 235:155 236:31 237:22 238:51 239:160 240:486
ClipAndMerge,gen_n1000000_l25_merged.fq,1000000,25,999922,998056,1866,0.02,0:992978 1:5074 4:1 5:2 10:1
ClipAndMerge,gen_n1000000_l26_merged.fq,1000000,26,999912,997922,1990,0.02,0:992771 1:5149 15:1 16:1
ClipAndMerge,gen_n1000000_l27_merged.fq,1000000,27,999930,997688,2242,0.02,0:992355 1:5331 16:1 17:1
ClipAndMerge,gen_n1000000_l28_merged.fq,1000000,28,999922,997387,2535,0.02,0:991879 1:5505 5:1 15:2
ClipAndMerge,gen_n1000000_l29_merged.fq,1000000,29,999909,997312,2597,0.02,0:991640 1:5666 5:2 8:1 12:1 15:2
ClipAndMerge,gen_n1000000_l2_merged.fq,1000000,2,999928,0,999928,NA,
ClipAndMerge,gen_n1000000_l30_merged.fq,1000000,30,999937,997073,2864,0.02,0:991269 1:5795 5:2 8:1 10:3 20:2 21:1
ClipAndMerge,gen_n1000000_l31_merged.fq,1000000,31,999928,996869,3059,0.02,0:990708 1:6151 5:1 10:3 11:2 18:1 20:3
ClipAndMerge,gen_n1000000_l32_merged.fq,1000000,32,999921,996668,3253,0.019,0:990486 1:6180 8:1 22:1
ClipAndMerge,gen_n1000000_l33_merged.fq,1000000,33,999929,996437,3492,0.019,0:990147 1:6278 2:1 4:1 5:3 6:1 10:1 12:2 19:1 23:2
ClipAndMerge,gen_n1000000_l34_merged.fq,1000000,34,999934,996232,3702,0.02,0:989703 1:6521 10:2 11:1 12:1 17:1 22:1 23:1 24:1
ClipAndMerge,gen_n1000000_l35_merged.fq,1000000,35,999903,995895,4008,0.02,0:989052 1:6836 4:1 5:1 20:1 23:1 24:1 25:2
ClipAndMerge,gen_n1000000_l36_merged.fq,1000000,36,999918,995896,4022,0.019,0:989073 1:6817 5:1 15:1 23:1 25:3
ClipAndMerge,gen_n1000000_l37_merged.fq,1000000,37,999921,995571,4350,0.02,0:988498 1:7067 8:1 12:1 26:4
ClipAndMerge,gen_n1000000_l38_merged.fq,1000000,38,999917,995327,4590,0.02,0:987876 1:7441 5:1 6:1 8:1 12:1 22:1 24:2 26:1 28:2
ClipAndMerge,gen_n1000000_l39_merged.fq,1000000,39,999919,995023,4896,0.02,0:987498 1:7511 5:2 15:2 16:2 18:1 26:3 28:2 29:2
ClipAndMerge,gen_n1000000_l3_merged.fq,1000000,3,999926,0,999926,NA,
ClipAndMerge,gen_n1000000_l40_merged.fq,1000000,40,999920,999818,102,0.021,0:991618 1:8166 2:34
ClipAndMerge,gen_n1000000_l41_merged.fq,1000000,41,999900,999815,85,0.021,0:991130 1:8659 2:26
ClipAndMerge,gen_n1000000_l42_merged.fq,1000000,42,999906,999775,131,0.021,0:991038 1:8709 2:28
ClipAndMerge,gen_n1000000_l43_merged.fq,1000000,43,999921,999786,135,0.021,0:990928 1:8824 2:34
ClipAndMerge,gen_n1000000_l44_merged.fq,1000000,44,999910,999763,147,0.021,0:990645 1:9069 2:49
ClipAndMerge,gen_n1000000_l45_merged.fq,1000000,45,999912,999745,167,0.021,0:990371 1:9331 2:42 21:1
ClipAndMerge,gen_n1000000_l46_merged.fq,1000000,46,999923,999719,204,0.021,0:990170 1:9503 2:45 6:1
ClipAndMerge,gen_n1000000_l47_merged.fq,1000000,47,999928,999724,204,0.021,0:989951 1:9728 2:45
ClipAndMerge,gen_n1000000_l48_merged.fq,1000000,48,999923,999691,232,0.021,0:989646 1:10001 2:44
ClipAndMerge,gen_n1000000_l49_merged.fq,1000000,49,999925,999671,254,0.021,0:989434 1:10189 2:46 16:1 36:1
ClipAndMerge,gen_n1000000_l4_merged.fq,1000000,4,999896,0,999896,NA,
ClipAndMerge,gen_n1000000_l50_merged.fq,1000000,50,999927,999619,308,0.021,0:989012 1:10557 2:49 41:1
ClipAndMerge,gen_n1000000_l51_merged.fq,1000000,51,999919,999593,326,0.021,0:989061 1:10482 2:49 40:1
ClipAndMerge,gen_n1000000_l52_merged.fq,1000000,52,999920,999609,311,0.021,0:988790 1:10767 2:52
ClipAndMerge,gen_n1000000_l53_merged.fq,1000000,53,999912,999562,350,0.021,0:988556 1:10942 2:64
ClipAndMerge,gen_n1000000_l54_merged.fq,1000000,54,999922,999560,362,0.021,0:988385 1:11115 2:60
ClipAndMerge,gen_n1000000_l55_merged.fq,1000000,55,999914,999518,396,0.021,0:988176 1:11284 2:56 45:2
ClipAndMerge,gen_n1000000_l56_merged.fq,1000000,56,999916,999497,419,0.021,0:987750 1:11685 2:60 36:1 45:1
ClipAndMerge,gen_n1000000_l57_merged.fq,1000000,57,999900,999531,369,0.021,0:987740 1:11720 2:67 3:1 42:1 45:1 46:1
ClipAndMerge,gen_n1000000_l58_merged.fq,1000000,58,999915,999436,479,0.021,0:987202 1:12175 2:58 45:1
ClipAndMerge,gen_n1000000_l59_merged.fq,1000000,59,999905,999433,472,0.021,0:987119 1:12241 2:72 48:1
ClipAndMerge,gen_n1000000_l5_merged.fq,1000000,5,999925,0,999925,NA,
ClipAndMerge,gen_n1000000_l60_merged.fq,1000000,60,999917,999974,-57,0.021,0:987424 1:12482 2:68
ClipAndMerge,gen_n1000000_l61_merged.fq,1000000,61,999918,999966,-48,0.021,0:987275 1:12610 2:81
ClipAndMerge,gen_n1000000_l62_merged.fq,1000000,62,999910,999972,-62,0.021,0:986987 1:12910 2:74 3:1
ClipAndMerge,gen_n1000000_l63_merged.fq,1000000,63,999911,999970,-59,0.021,0:986803 1:13089 2:78
ClipAndMerge,gen_n1000000_l64_merged.fq,1000000,64,999922,999972,-50,0.021,0:986329 1:13564 2:79
ClipAndMerge,gen_n1000000_l65_merged.fq,1000000,65,999920,999965,-45,0.021,0:986170 1:13718 2:77
ClipAndMerge,gen_n1000000_l66_merged.fq,1000000,66,999904,999960,-56,0.021,0:986048 1:13819 2:93
ClipAndMerge,gen_n1000000_l67_merged.fq,1000000,67,999925,999973,-48,0.021,0:985912 1:13963 2:98
ClipAndMerge,gen_n1000000_l68_merged.fq,1000000,68,999915,999970,-55,0.021,0:985561 1:14303 2:105 3:1
ClipAndMerge,gen_n1000000_l69_merged.fq,1000000,69,999916,999952,-36,0.021,0:985311 1:14539 2:101 3:1
ClipAndMerge,gen_n1000000_l6_merged.fq,1000000,6,999916,0,999916,NA,
ClipAndMerge,gen_n1000000_l70_merged.fq,1000000,70,999901,999943,-42,0.022,0:984867 1:14983 2:93
ClipAndMerge,gen_n1000000_l71_merged.fq,1000000,71,999895,999945,-50,0.021,0:984899 1:14939 2:107
ClipAndMerge,gen_n1000000_l72_merged.fq,1000000,72,999909,999942,-33,0.022,0:984317 1:15508 2:116 3:1
ClipAndMerge,gen_n1000000_l73_merged.fq,1000000,73,999926,999949,-23,0.021,0:984499 1:15341 2:109
ClipAndMerge,gen_n1000000_l74_merged.fq,1000000,74,999914,999932,-18,0.021,0:984197 1:15612 2:121 3:2
ClipAndMerge,gen_n1000000_l75_merged.fq,1000000,75,999929,999944,-15,0.022,0:983877 1:15953 2:114
ClipAndMerge,gen_n1000000_l76_merged.fq,1000000,76,999914,999937,-23,0.021,0:983738 1:16084 2:115
ClipAndMerge,gen_n1000000_l77_merged.fq,1000000,77,999902,999946,-44,0.021,0:983588 1:16238 2:119 3:1
ClipAndMerge,gen_n1000000_l78_merged.fq,1000000,78,999918,999919,-1,0.022,0:983156 1:16630 2:131 3:1 50:1
ClipAndMerge,gen_n1000000_l79_merged.fq,1000000,79,999921,999909,12,0.021,0:983205 1:16551 2:153
ClipAndMerge,gen_n1000000_l7_merged.fq,1000000,7,999912,0,999912,NA,
ClipAndMerge,gen_n1000000_l80_merged.fq,1000000,80,999907,999999,-92,0.021,0:983038 1:16807 2:154
ClipAndMerge,gen_n1000000_l81_merged.fq,1000000,81,999923,999994,-71,0.021,0:982777 1:17079 2:136 3:2
ClipAndMerge,gen_n1000000_l82_merged.fq,1000000,82,999924,999997,-73,0.022,0:982350 1:17498 2:148 3:1
ClipAndMerge,gen_n1000000_l83_merged.fq,1000000,83,999923,999994,-71,0.021,0:982419 1:17444 2:131
ClipAndMerge,gen_n1000000_l84_merged.fq,1000000,84,999906,999991,-85,0.021,0:982125 1:17706 2:159 3:1
ClipAndMerge,gen_n1000000_l85_merged.fq,1000000,85,999916,999992,-76,0.022,0:981537 1:18301 2:153 3:1
ClipAndMerge,gen_n1000000_l86_merged.fq,1000000,86,999921,999995,-74,0.022,0:981508 1:18312 2:173 3:1 76:1
ClipAndMerge,gen_n1000000_l87_merged.fq,1000000,87,999935,999998,-63,0.022,0:981100 1:18721 2:176 3:1
ClipAndMerge,gen_n1000000_l88_merged.fq,1000000,88,999924,999996,-72,0.022,0:981093 1:18721 2:180 3:2
ClipAndMerge,gen_n1000000_l89_merged.fq,1000000,89,999911,999993,-82,0.021,0:981169 1:18658 2:166
ClipAndMerge,gen_n1000000_l8_merged.fq,1000000,8,999921,0,999921,NA,
ClipAndMerge,gen_n1000000_l90_merged.fq,1000000,90,999923,999990,-67,0.022,0:980741 1:19056 2:192 3:1
ClipAndMerge,gen_n1000000_l91_merged.fq,1000000,91,999915,999988,-73,0.022,0:980402 1:19398 2:187 3:1
ClipAndMerge,gen_n1000000_l92_merged.fq,1000000,92,999916,999986,-70,0.022,0:980145 1:19647 2:193 3:1
ClipAndMerge,gen_n1000000_l93_merged.fq,1000000,93,999908,999992,-84,0.022,0:979926 1:19861 2:203 3:2
ClipAndMerge,gen_n1000000_l94_merged.fq,1000000,94,999916,999988,-72,0.022,0:979695 1:20114 2:178 3:1
ClipAndMerge,gen_n1000000_l95_merged.fq,1000000,95,999918,999993,-75,0.022,0:979300 1:20494 2:196 3:3
ClipAndMerge,gen_n1000000_l96_merged.fq,1000000,96,999915,999987,-72,0.022,0:979105 1:20631 2:251
ClipAndMerge,gen_n1000000_l97_merged.fq,1000000,97,999915,999988,-73,0.022,0:978887 1:20889 2:212
ClipAndMerge,gen_n1000000_l98_merged.fq,1000000,98,999919,999985,-66,0.022,0:978524 1:21217 2:243 3:1
ClipAndMerge,gen_n1000000_l99_merged.fq,1000000,99,999915,999981,-66,0.022,0:978365 1:21401 2:209 3:6
ClipAndMerge,gen_n1000000_l9_merged.fq,1000000,9,999911,0,999911,NA,
