program,filename,nfrags,fraglen,total_sequences,total_reads,dropped_reads,incorrect_length,correct_len_incorrect_seq,perfectly_reconstructed,dropped_reads_percentage,incorrect_length_percentage,correct_len_incorrect_seq_percentage,perfectly_reconstructed_percentage,divergent_reads,
fastp,gen_n1000000_l1000_merged.fq,1000000,1000,999921,26674,973247,26674,0,0,97.325,2.667,0.0,0.0,26674,
fastp,gen_n1000000_l100_merged.fq,1000000,100,999928,1000000,-72,626,101339,898035,-0.007,0.063,10.134,89.803,101965,
fastp,gen_n1000000_l101_merged.fq,1000000,101,999921,1000000,-79,600,102319,897081,-0.008,0.06,10.232,89.708,102919,
fastp,gen_n1000000_l102_merged.fq,1000000,102,999926,1000000,-74,599,103436,895965,-0.007,0.06,10.344,89.597,104035,
fastp,gen_n1000000_l103_merged.fq,1000000,103,999915,1000000,-85,609,104887,894504,-0.009,0.061,10.489,89.45,105496,
fastp,gen_n1000000_l104_merged.fq,1000000,104,999911,1000000,-89,608,106076,893316,-0.009,0.061,10.608,89.332,106684,
fastp,gen_n1000000_l105_merged.fq,1000000,105,999920,1000000,-80,581,107186,892233,-0.008,0.058,10.719,89.223,107767,
fastp,gen_n1000000_l106_merged.fq,1000000,106,999938,1000000,-62,611,109078,890311,-0.006,0.061,10.908,89.031,109689,
fastp,gen_n1000000_l107_merged.fq,1000000,107,999913,1000000,-87,599,109397,890004,-0.009,0.06,10.94,89.0,109996,
fastp,gen_n1000000_l108_merged.fq,1000000,108,999922,1000000,-78,586,110636,888778,-0.008,0.059,11.064,88.878,111222,
fastp,gen_n1000000_l109_merged.fq,1000000,109,999923,1000000,-77,588,111812,887600,-0.008,0.059,11.181,88.76,112400,
fastp,gen_n1000000_l10_merged.fq,1000000,10,999901,3898,996003,3898,0,0,99.6,0.39,0.0,0.0,3898,
fastp,gen_n1000000_l110_merged.fq,1000000,110,999916,1000000,-84,589,112875,886536,-0.008,0.059,11.287,88.654,113464,
fastp,gen_n1000000_l111_merged.fq,1000000,111,999908,1000000,-92,574,113616,885810,-0.009,0.057,11.362,88.581,114190,
fastp,gen_n1000000_l112_merged.fq,1000000,112,999924,1000000,-76,615,114922,884463,-0.008,0.061,11.492,88.446,115537,
fastp,gen_n1000000_l113_merged.fq,1000000,113,999914,1000000,-86,548,116169,883283,-0.009,0.055,11.617,88.328,116717,
fastp,gen_n1000000_l114_merged.fq,1000000,114,999932,1000000,-68,556,116834,882610,-0.007,0.056,11.683,88.261,117390,
fastp,gen_n1000000_l115_merged.fq,1000000,115,999935,1000000,-65,592,118059,881349,-0.006,0.059,11.806,88.135,118651,
fastp,gen_n1000000_l116_merged.fq,1000000,116,999926,1000000,-74,562,119395,880043,-0.007,0.056,11.94,88.004,119957,
fastp,gen_n1000000_l117_merged.fq,1000000,117,999917,1000000,-83,519,120357,879124,-0.008,0.052,12.036,87.912,120876,
fastp,gen_n1000000_l118_merged.fq,1000000,118,999936,999999,-63,602,121259,878138,-0.006,0.06,12.126,87.814,121861,
fastp,gen_n1000000_l119_merged.fq,1000000,119,999928,1000000,-72,574,122933,876493,-0.007,0.057,12.293,87.649,123507,
fastp,gen_n1000000_l11_merged.fq,1000000,11,999928,999994,-66,3124,11014,985856,-0.007,0.312,1.101,98.586,14138,
fastp,gen_n1000000_l120_merged.fq,1000000,120,999913,1000000,-87,443,124424,875133,-0.009,0.044,12.442,87.513,124867,
fastp,gen_n1000000_l121_merged.fq,1000000,121,999915,1000000,-85,3409,124568,872023,-0.009,0.341,12.457,87.202,127977,
fastp,gen_n1000000_l122_merged.fq,1000000,122,999926,1000000,-74,4771,126367,868862,-0.007,0.477,12.637,86.886,131138,
fastp,gen_n1000000_l123_merged.fq,1000000,123,999926,1000000,-74,7595,126480,865925,-0.007,0.76,12.648,86.593,134075,
fastp,gen_n1000000_l124_merged.fq,1000000,124,999907,1000000,-93,13496,127092,859412,-0.009,1.35,12.709,85.941,140588,
fastp,gen_n1000000_l125_merged.fq,1000000,125,999938,1000000,-62,1162,129170,869668,-0.006,0.116,12.917,86.967,130332,
fastp,gen_n1000000_l126_merged.fq,1000000,126,999918,1000000,-82,6,130820,869174,-0.008,0.001,13.082,86.917,130826,
fastp,gen_n1000000_l127_merged.fq,1000000,127,999911,1000000,-89,225,132175,867600,-0.009,0.022,13.217,86.76,132400,
fastp,gen_n1000000_l128_merged.fq,1000000,128,999924,1000000,-76,260,133730,866010,-0.008,0.026,13.373,86.601,133990,
fastp,gen_n1000000_l129_merged.fq,1000000,129,999908,1000000,-92,531,135106,864363,-0.009,0.053,13.511,86.436,135637,
fastp,gen_n1000000_l12_merged.fq,1000000,12,999912,999992,-80,2507,11579,985906,-0.008,0.251,1.158,98.591,14086,
fastp,gen_n1000000_l130_merged.fq,1000000,130,999922,1000000,-78,1465,137349,861186,-0.008,0.146,13.735,86.119,138814,
fastp,gen_n1000000_l131_merged.fq,1000000,131,999914,1000000,-86,1600,139295,859105,-0.009,0.16,13.93,85.91,140895,
fastp,gen_n1000000_l132_merged.fq,1000000,132,999903,1000000,-97,1595,140745,857660,-0.01,0.16,14.075,85.766,142340,
fastp,gen_n1000000_l133_merged.fq,1000000,133,999924,1000000,-76,1604,141905,856491,-0.008,0.16,14.191,85.649,143509,
fastp,gen_n1000000_l134_merged.fq,1000000,134,999910,1000000,-90,1625,143964,854411,-0.009,0.163,14.396,85.441,145589,
fastp,gen_n1000000_l135_merged.fq,1000000,135,999914,1000000,-86,1701,145001,853298,-0.009,0.17,14.5,85.33,146702,
fastp,gen_n1000000_l136_merged.fq,1000000,136,999919,1000000,-81,1705,147404,850891,-0.008,0.17,14.74,85.089,149109,
fastp,gen_n1000000_l137_merged.fq,1000000,137,999921,1000000,-79,1775,147751,850474,-0.008,0.178,14.775,85.047,149526,
fastp,gen_n1000000_l138_merged.fq,1000000,138,999916,1000000,-84,1718,150196,848086,-0.008,0.172,15.02,84.809,151914,
fastp,gen_n1000000_l139_merged.fq,1000000,139,999922,1000000,-78,1765,151556,846679,-0.008,0.177,15.156,84.668,153321,
fastp,gen_n1000000_l13_merged.fq,1000000,13,999925,999990,-65,2808,12757,984425,-0.006,0.281,1.276,98.442,15565,
fastp,gen_n1000000_l140_merged.fq,1000000,140,999928,1000000,-72,1815,152798,845387,-0.007,0.181,15.28,84.539,154613,
fastp,gen_n1000000_l141_merged.fq,1000000,141,999935,1000000,-65,1885,154469,843646,-0.006,0.189,15.447,84.365,156354,
fastp,gen_n1000000_l142_merged.fq,1000000,142,999939,1000000,-61,1961,156025,842014,-0.006,0.196,15.602,84.201,157986,
fastp,gen_n1000000_l143_merged.fq,1000000,143,999923,1000000,-77,1969,157771,840260,-0.008,0.197,15.777,84.026,159740,
fastp,gen_n1000000_l144_merged.fq,1000000,144,999931,1000000,-69,1887,158403,839710,-0.007,0.189,15.84,83.971,160290,
fastp,gen_n1000000_l145_merged.fq,1000000,145,999928,1000000,-72,2024,160876,837100,-0.007,0.202,16.088,83.71,162900,
fastp,gen_n1000000_l146_merged.fq,1000000,146,999929,1000000,-71,2053,161765,836182,-0.007,0.205,16.177,83.618,163818,
fastp,gen_n1000000_l147_merged.fq,1000000,147,999921,1000000,-79,2031,163901,834068,-0.008,0.203,16.39,83.407,165932,
fastp,gen_n1000000_l148_merged.fq,1000000,148,999912,1000000,-88,2088,165605,832307,-0.009,0.209,16.561,83.231,167693,
fastp,gen_n1000000_l149_merged.fq,1000000,149,999919,1000000,-81,2157,166354,831489,-0.008,0.216,16.635,83.149,168511,
fastp,gen_n1000000_l14_merged.fq,1000000,14,999918,999991,-73,4002,13541,982448,-0.007,0.4,1.354,98.245,17543,
fastp,gen_n1000000_l150_merged.fq,1000000,150,999914,1000000,-86,2171,168368,829461,-0.009,0.217,16.837,82.946,170539,
fastp,gen_n1000000_l151_merged.fq,1000000,151,999923,999999,-76,2217,169200,828582,-0.008,0.222,16.92,82.858,171417,
fastp,gen_n1000000_l152_merged.fq,1000000,152,999920,1000000,-80,2380,170584,827036,-0.008,0.238,17.058,82.704,172964,
fastp,gen_n1000000_l153_merged.fq,1000000,153,999914,1000000,-86,2435,172930,824635,-0.009,0.244,17.293,82.463,175365,
fastp,gen_n1000000_l154_merged.fq,1000000,154,999923,1000000,-77,2480,173919,823601,-0.008,0.248,17.392,82.36,176399,
fastp,gen_n1000000_l155_merged.fq,1000000,155,999916,1000000,-84,2528,176300,821172,-0.008,0.253,17.63,82.117,178828,
fastp,gen_n1000000_l156_merged.fq,1000000,156,999920,1000000,-80,2620,177106,820274,-0.008,0.262,17.711,82.027,179726,
fastp,gen_n1000000_l157_merged.fq,1000000,157,999892,1000000,-108,2751,178311,818938,-0.011,0.275,17.831,81.894,181062,
fastp,gen_n1000000_l158_merged.fq,1000000,158,999933,1000000,-67,2668,179924,817408,-0.007,0.267,17.992,81.741,182592,
fastp,gen_n1000000_l159_merged.fq,1000000,159,999910,1000000,-90,2869,181024,816107,-0.009,0.287,18.102,81.611,183893,
fastp,gen_n1000000_l15_merged.fq,1000000,15,999906,1000000,-94,2986,14350,982664,-0.009,0.299,1.435,98.266,17336,
fastp,gen_n1000000_l160_merged.fq,1000000,160,999911,1000000,-89,2908,182390,814702,-0.009,0.291,18.239,81.47,185298,
fastp,gen_n1000000_l161_merged.fq,1000000,161,999908,1000000,-92,3002,184208,812790,-0.009,0.3,18.421,81.279,187210,
fastp,gen_n1000000_l162_merged.fq,1000000,162,999910,1000000,-90,2934,185493,811573,-0.009,0.293,18.549,81.157,188427,
fastp,gen_n1000000_l163_merged.fq,1000000,163,999933,1000000,-67,3033,187218,809749,-0.007,0.303,18.722,80.975,190251,
fastp,gen_n1000000_l164_merged.fq,1000000,164,999915,1000000,-85,3183,188460,808357,-0.009,0.318,18.846,80.836,191643,
fastp,gen_n1000000_l165_merged.fq,1000000,165,999917,1000000,-83,3254,189845,806901,-0.008,0.325,18.985,80.69,193099,
fastp,gen_n1000000_l166_merged.fq,1000000,166,999915,1000000,-85,3179,191401,805420,-0.009,0.318,19.14,80.542,194580,
fastp,gen_n1000000_l167_merged.fq,1000000,167,999913,1000000,-87,3618,193403,802979,-0.009,0.362,19.34,80.298,197021,
fastp,gen_n1000000_l168_merged.fq,1000000,168,999917,1000000,-83,3545,194314,802141,-0.008,0.354,19.431,80.214,197859,
fastp,gen_n1000000_l169_merged.fq,1000000,169,999922,1000000,-78,3639,195916,800445,-0.008,0.364,19.592,80.044,199555,
fastp,gen_n1000000_l16_merged.fq,1000000,16,999917,1000000,-83,2809,14992,982199,-0.008,0.281,1.499,98.22,17801,
fastp,gen_n1000000_l170_merged.fq,1000000,170,999923,1000000,-77,3797,197687,798516,-0.008,0.38,19.769,79.852,201484,
fastp,gen_n1000000_l171_merged.fq,1000000,171,999914,1000000,-86,3839,199066,797095,-0.009,0.384,19.907,79.71,202905,
fastp,gen_n1000000_l172_merged.fq,1000000,172,999922,999999,-77,3869,200935,795195,-0.008,0.387,20.093,79.519,204804,
fastp,gen_n1000000_l173_merged.fq,1000000,173,999927,1000000,-73,3900,202152,793948,-0.007,0.39,20.215,79.395,206052,
fastp,gen_n1000000_l174_merged.fq,1000000,174,999914,1000000,-86,3937,203070,792993,-0.009,0.394,20.307,79.299,207007,
fastp,gen_n1000000_l175_merged.fq,1000000,175,999925,1000000,-75,3857,203990,792153,-0.007,0.386,20.399,79.215,207847,
fastp,gen_n1000000_l176_merged.fq,1000000,176,999930,1000000,-70,4078,206137,789785,-0.007,0.408,20.614,78.978,210215,
fastp,gen_n1000000_l177_merged.fq,1000000,177,999920,1000000,-80,4052,208098,787850,-0.008,0.405,20.81,78.785,212150,
fastp,gen_n1000000_l178_merged.fq,1000000,178,999916,1000000,-84,4207,209746,786047,-0.008,0.421,20.975,78.605,213953,
fastp,gen_n1000000_l179_merged.fq,1000000,179,999920,1000000,-80,4216,210936,784848,-0.008,0.422,21.094,78.485,215152,
fastp,gen_n1000000_l17_merged.fq,1000000,17,999905,999999,-94,2268,15994,981737,-0.009,0.227,1.599,98.174,18262,
fastp,gen_n1000000_l180_merged.fq,1000000,180,999915,1000000,-85,4352,211896,783752,-0.009,0.435,21.19,78.375,216248,
fastp,gen_n1000000_l181_merged.fq,1000000,181,999924,1000000,-76,4324,213856,781820,-0.008,0.432,21.386,78.182,218180,
fastp,gen_n1000000_l182_merged.fq,1000000,182,999910,1000000,-90,4310,215190,780500,-0.009,0.431,21.519,78.05,219500,
fastp,gen_n1000000_l183_merged.fq,1000000,183,999924,1000000,-76,4285,216451,779264,-0.008,0.428,21.645,77.926,220736,
fastp,gen_n1000000_l184_merged.fq,1000000,184,999926,1000000,-74,4417,218527,777056,-0.007,0.442,21.853,77.706,222944,
fastp,gen_n1000000_l185_merged.fq,1000000,185,999927,1000000,-73,4483,219879,775638,-0.007,0.448,21.988,77.564,224362,
fastp,gen_n1000000_l186_merged.fq,1000000,186,999915,1000000,-85,4576,221750,773674,-0.009,0.458,22.175,77.367,226326,
fastp,gen_n1000000_l187_merged.fq,1000000,187,999925,1000000,-75,4496,223448,772056,-0.007,0.45,22.345,77.206,227944,
fastp,gen_n1000000_l188_merged.fq,1000000,188,999917,1000000,-83,4533,224238,771229,-0.008,0.453,22.424,77.123,228771,
fastp,gen_n1000000_l189_merged.fq,1000000,189,999930,1000000,-70,4757,225448,769795,-0.007,0.476,22.545,76.98,230205,
fastp,gen_n1000000_l18_merged.fq,1000000,18,999914,1000000,-86,2611,16705,980684,-0.009,0.261,1.671,98.068,19316,
fastp,gen_n1000000_l190_merged.fq,1000000,190,999924,1000000,-76,4875,227750,767375,-0.008,0.487,22.775,76.737,232625,
fastp,gen_n1000000_l191_merged.fq,1000000,191,999921,1000000,-79,4924,229144,765932,-0.008,0.492,22.914,76.593,234068,
fastp,gen_n1000000_l192_merged.fq,1000000,192,999907,1000000,-93,4914,231491,763595,-0.009,0.491,23.149,76.359,236405,
fastp,gen_n1000000_l193_merged.fq,1000000,193,999920,1000000,-80,4866,232490,762644,-0.008,0.487,23.249,76.264,237356,
fastp,gen_n1000000_l194_merged.fq,1000000,194,999925,1000000,-75,4990,233490,761520,-0.007,0.499,23.349,76.152,238480,
fastp,gen_n1000000_l195_merged.fq,1000000,195,999921,1000000,-79,5083,235772,759145,-0.008,0.508,23.577,75.914,240855,
fastp,gen_n1000000_l196_merged.fq,1000000,196,999940,1000000,-60,5059,237372,757569,-0.006,0.506,23.737,75.757,242431,
fastp,gen_n1000000_l197_merged.fq,1000000,197,999919,1000000,-81,5115,239785,755100,-0.008,0.511,23.979,75.51,244900,
fastp,gen_n1000000_l198_merged.fq,1000000,198,999913,1000000,-87,5216,240927,753857,-0.009,0.522,24.093,75.386,246143,
fastp,gen_n1000000_l199_merged.fq,1000000,199,999921,1000000,-79,4946,243433,751621,-0.008,0.495,24.343,75.162,248379,
fastp,gen_n1000000_l19_merged.fq,1000000,19,999898,1000000,-102,2590,17755,979655,-0.01,0.259,1.776,97.966,20345,
fastp,gen_n1000000_l1_merged.fq,1000000,1,999924,0,999924,0,0,0,99.992,0.0,0.0,0.0,0,
fastp,gen_n1000000_l200_merged.fq,1000000,200,999912,1000000,-88,5163,244763,750074,-0.009,0.516,24.476,75.007,249926,
fastp,gen_n1000000_l201_merged.fq,1000000,201,999934,1000000,-66,5171,246227,748602,-0.007,0.517,24.623,74.86,251398,
fastp,gen_n1000000_l202_merged.fq,1000000,202,999919,1000000,-81,5184,248520,746296,-0.008,0.518,24.852,74.63,253704,
fastp,gen_n1000000_l203_merged.fq,1000000,203,999910,1000000,-90,5255,250602,744143,-0.009,0.525,25.06,74.414,255857,
fastp,gen_n1000000_l204_merged.fq,1000000,204,999907,1000000,-93,5284,252225,742491,-0.009,0.528,25.222,74.249,257509,
fastp,gen_n1000000_l205_merged.fq,1000000,205,999929,1000000,-71,5440,254460,740100,-0.007,0.544,25.446,74.01,259900,
fastp,gen_n1000000_l206_merged.fq,1000000,206,999928,1000000,-72,5475,254965,739560,-0.007,0.547,25.497,73.956,260440,
fastp,gen_n1000000_l207_merged.fq,1000000,207,999924,1000000,-76,5619,257238,737143,-0.008,0.562,25.724,73.714,262857,
fastp,gen_n1000000_l208_merged.fq,1000000,208,999926,1000000,-74,5700,259573,734727,-0.007,0.57,25.957,73.473,265273,
fastp,gen_n1000000_l209_merged.fq,1000000,209,999910,1000000,-90,5946,261825,732229,-0.009,0.595,26.182,73.223,267771,
fastp,gen_n1000000_l20_merged.fq,1000000,20,999917,1000000,-83,2248,18697,979055,-0.008,0.225,1.87,97.906,20945,
fastp,gen_n1000000_l210_merged.fq,1000000,210,999916,1000000,-84,6430,262944,730626,-0.008,0.643,26.294,73.063,269374,
fastp,gen_n1000000_l211_merged.fq,1000000,211,999931,1000000,-69,6421,265633,727946,-0.007,0.642,26.563,72.795,272054,
fastp,gen_n1000000_l212_merged.fq,1000000,212,999910,1000000,-90,6626,267147,726227,-0.009,0.663,26.715,72.623,273773,
fastp,gen_n1000000_l213_merged.fq,1000000,213,999900,1000000,-100,6756,268147,725097,-0.01,0.676,26.815,72.51,274903,
fastp,gen_n1000000_l214_merged.fq,1000000,214,999937,1000000,-63,7008,271163,721829,-0.006,0.701,27.116,72.183,278171,
fastp,gen_n1000000_l215_merged.fq,1000000,215,999920,1000000,-80,7299,272462,720239,-0.008,0.73,27.246,72.024,279761,
fastp,gen_n1000000_l216_merged.fq,1000000,216,999907,1000000,-93,7512,273716,718772,-0.009,0.751,27.372,71.877,281228,
fastp,gen_n1000000_l217_merged.fq,1000000,217,999922,1000000,-78,7973,276896,715131,-0.008,0.797,27.69,71.513,284869,
fastp,gen_n1000000_l218_merged.fq,1000000,218,999919,1000000,-81,8165,279108,712727,-0.008,0.817,27.911,71.273,287273,
fastp,gen_n1000000_l219_merged.fq,1000000,219,999918,1000000,-82,8531,280498,710971,-0.008,0.853,28.05,71.097,289029,
fastp,gen_n1000000_l21_merged.fq,1000000,21,999934,1000000,-66,2125,19580,978295,-0.007,0.213,1.958,97.829,21705,
fastp,gen_n1000000_l220_merged.fq,1000000,220,999916,1000000,-84,9100,282167,708733,-0.008,0.91,28.217,70.873,291267,
fastp,gen_n1000000_l221_merged.fq,1000000,221,999924,1000000,-76,9449,284663,705888,-0.008,0.945,28.466,70.589,294112,
fastp,gen_n1000000_l222_merged.fq,1000000,222,999924,1000000,-76,10171,286328,703501,-0.008,1.017,28.633,70.35,296499,
fastp,gen_n1000000_l223_merged.fq,1000000,223,999932,1000000,-68,10692,289001,700307,-0.007,1.069,28.9,70.031,299693,
fastp,gen_n1000000_l224_merged.fq,1000000,224,999922,1000000,-78,11241,290080,698679,-0.008,1.124,29.008,69.868,301321,
fastp,gen_n1000000_l225_merged.fq,1000000,225,999911,1000000,-89,12194,293427,694379,-0.009,1.219,29.343,69.438,305621,
fastp,gen_n1000000_l226_merged.fq,1000000,226,999920,1000000,-80,12860,294793,692347,-0.008,1.286,29.479,69.235,307653,
fastp,gen_n1000000_l227_merged.fq,1000000,227,999921,999999,-78,13636,296388,689975,-0.008,1.364,29.639,68.998,310024,
fastp,gen_n1000000_l228_merged.fq,1000000,228,999925,999997,-72,13963,299901,686133,-0.007,1.396,29.99,68.613,313864,
fastp,gen_n1000000_l229_merged.fq,1000000,229,999915,999987,-72,14667,300906,684414,-0.007,1.467,30.091,68.441,315573,
fastp,gen_n1000000_l22_merged.fq,1000000,22,999918,1000000,-82,1914,20381,977705,-0.008,0.191,2.038,97.77,22295,
fastp,gen_n1000000_l230_merged.fq,1000000,230,999909,999952,-43,15449,302767,681736,-0.004,1.545,30.277,68.174,318216,
fastp,gen_n1000000_l231_merged.fq,1000000,231,999908,999846,62,15510,305754,678582,0.006,1.551,30.575,67.858,321264,
fastp,gen_n1000000_l232_merged.fq,1000000,232,999927,999548,379,16400,307525,675623,0.038,1.64,30.752,67.562,323925,
fastp,gen_n1000000_l233_merged.fq,1000000,233,999907,999573,334,17134,309739,672700,0.033,1.713,30.974,67.27,326873,
fastp,gen_n1000000_l234_merged.fq,1000000,234,999922,999346,576,18038,312390,668918,0.058,1.804,31.239,66.892,330428,
fastp,gen_n1000000_l235_merged.fq,1000000,235,999915,997789,2126,19285,312750,665754,0.213,1.929,31.275,66.575,332035,
fastp,gen_n1000000_l236_merged.fq,1000000,236,999917,997692,2225,19508,316135,662049,0.223,1.951,31.613,66.205,335643,
fastp,gen_n1000000_l237_merged.fq,1000000,237,999921,997672,2249,20635,318071,658966,0.225,2.063,31.807,65.897,338706,
fastp,gen_n1000000_l238_merged.fq,1000000,238,999925,997648,2277,21316,320110,656222,0.228,2.132,32.011,65.622,341426,
fastp,gen_n1000000_l239_merged.fq,1000000,239,999926,997778,2148,23388,321646,652744,0.215,2.339,32.165,65.274,345034,
fastp,gen_n1000000_l23_merged.fq,1000000,23,999913,1000000,-87,2096,21349,976555,-0.009,0.21,2.135,97.655,23445,
fastp,gen_n1000000_l240_merged.fq,1000000,240,999921,37272,962649,37272,0,0,96.265,3.727,0.0,0.0,37272,
fastp,gen_n1000000_l241_merged.fq,1000000,241,999922,36549,963373,36549,0,0,96.337,3.655,0.0,0.0,36549,
fastp,gen_n1000000_l242_merged.fq,1000000,242,999910,35341,964569,35341,0,0,96.457,3.534,0.0,0.0,35341,
fastp,gen_n1000000_l243_merged.fq,1000000,243,999926,35186,964740,35186,0,0,96.474,3.519,0.0,0.0,35186,
fastp,gen_n1000000_l244_merged.fq,1000000,244,999921,34113,965808,34113,0,0,96.581,3.411,0.0,0.0,34113,
fastp,gen_n1000000_l245_merged.fq,1000000,245,999908,34107,965801,34107,0,0,96.58,3.411,0.0,0.0,34107,
fastp,gen_n1000000_l246_merged.fq,1000000,246,999926,32142,967784,32142,0,0,96.778,3.214,0.0,0.0,32142,
fastp,gen_n1000000_l247_merged.fq,1000000,247,999918,32086,967832,32086,0,0,96.783,3.209,0.0,0.0,32086,
fastp,gen_n1000000_l248_merged.fq,1000000,248,999911,31606,968305,31606,0,0,96.831,3.161,0.0,0.0,31606,
fastp,gen_n1000000_l249_merged.fq,1000000,249,999912,31856,968056,31856,0,0,96.806,3.186,0.0,0.0,31856,
fastp,gen_n1000000_l24_merged.fq,1000000,24,999929,1000000,-71,2163,22146,975691,-0.007,0.216,2.215,97.569,24309,
fastp,gen_n1000000_l250_merged.fq,1000000,250,999916,30741,969175,30741,0,0,96.918,3.074,0.0,0.0,30741,
fastp,gen_n1000000_l25_merged.fq,1000000,25,999922,1000000,-78,1865,22853,975282,-0.008,0.186,2.285,97.528,24718,
fastp,gen_n1000000_l26_merged.fq,1000000,26,999912,1000000,-88,1689,23786,974525,-0.009,0.169,2.379,97.453,25475,
fastp,gen_n1000000_l27_merged.fq,1000000,27,999930,1000000,-70,1441,24523,974036,-0.007,0.144,2.452,97.404,25964,
fastp,gen_n1000000_l28_merged.fq,1000000,28,999922,1000000,-78,1278,25471,973251,-0.008,0.128,2.547,97.325,26749,
fastp,gen_n1000000_l29_merged.fq,1000000,29,999909,1000000,-91,1109,26360,972531,-0.009,0.111,2.636,97.253,27469,
fastp,gen_n1000000_l2_merged.fq,1000000,2,999928,0,999928,0,0,0,99.993,0.0,0.0,0.0,0,
fastp,gen_n1000000_l30_merged.fq,1000000,30,999937,1000000,-63,1031,27079,971890,-0.006,0.103,2.708,97.189,28110,
fastp,gen_n1000000_l31_merged.fq,1000000,31,999928,1000000,-72,895,28277,970828,-0.007,0.089,2.828,97.083,29172,
fastp,gen_n1000000_l32_merged.fq,1000000,32,999921,1000000,-79,796,28887,970317,-0.008,0.08,2.889,97.032,29683,
fastp,gen_n1000000_l33_merged.fq,1000000,33,999929,1000000,-71,669,29818,969513,-0.007,0.067,2.982,96.951,30487,
fastp,gen_n1000000_l34_merged.fq,1000000,34,999934,1000000,-66,645,30868,968487,-0.007,0.065,3.087,96.849,31513,
fastp,gen_n1000000_l35_merged.fq,1000000,35,999903,1000000,-97,546,31763,967691,-0.01,0.055,3.176,96.769,32309,
fastp,gen_n1000000_l36_merged.fq,1000000,36,999918,1000000,-82,551,32700,966749,-0.008,0.055,3.27,96.675,33251,
fastp,gen_n1000000_l37_merged.fq,1000000,37,999921,1000000,-79,413,33316,966271,-0.008,0.041,3.332,96.627,33729,
fastp,gen_n1000000_l38_merged.fq,1000000,38,999917,1000000,-83,447,34747,964806,-0.008,0.045,3.475,96.481,35194,
fastp,gen_n1000000_l39_merged.fq,1000000,39,999919,1000000,-81,365,35450,964185,-0.008,0.036,3.545,96.418,35815,
fastp,gen_n1000000_l3_merged.fq,1000000,3,999926,0,999926,0,0,0,99.993,0.0,0.0,0.0,0,
fastp,gen_n1000000_l40_merged.fq,1000000,40,999920,1000000,-80,328,36243,963429,-0.008,0.033,3.624,96.343,36571,
fastp,gen_n1000000_l41_merged.fq,1000000,41,999900,1000000,-100,311,37203,962486,-0.01,0.031,3.72,96.249,37514,
fastp,gen_n1000000_l42_merged.fq,1000000,42,999906,1000000,-94,237,38358,961405,-0.009,0.024,3.836,96.14,38595,
fastp,gen_n1000000_l43_merged.fq,1000000,43,999921,1000000,-79,243,39173,960584,-0.008,0.024,3.917,96.058,39416,
fastp,gen_n1000000_l44_merged.fq,1000000,44,999910,1000000,-90,234,39771,959995,-0.009,0.023,3.977,95.999,40005,
fastp,gen_n1000000_l45_merged.fq,1000000,45,999912,1000000,-88,185,41384,958431,-0.009,0.018,4.138,95.843,41569,
fastp,gen_n1000000_l46_merged.fq,1000000,46,999923,1000000,-77,190,41685,958125,-0.008,0.019,4.168,95.812,41875,
fastp,gen_n1000000_l47_merged.fq,1000000,47,999928,1000000,-72,202,43033,956765,-0.007,0.02,4.303,95.677,43235,
fastp,gen_n1000000_l48_merged.fq,1000000,48,999923,1000000,-77,298,44077,955625,-0.008,0.03,4.408,95.562,44375,
fastp,gen_n1000000_l49_merged.fq,1000000,49,999925,1000000,-75,380,45113,954507,-0.007,0.038,4.511,95.451,45493,
fastp,gen_n1000000_l4_merged.fq,1000000,4,999896,0,999896,0,0,0,99.99,0.0,0.0,0.0,0,
fastp,gen_n1000000_l50_merged.fq,1000000,50,999927,1000000,-73,622,46127,953251,-0.007,0.062,4.613,95.325,46749,
fastp,gen_n1000000_l51_merged.fq,1000000,51,999919,1000000,-81,609,46621,952770,-0.008,0.061,4.662,95.277,47230,
fastp,gen_n1000000_l52_merged.fq,1000000,52,999920,1000000,-80,546,47815,951639,-0.008,0.055,4.782,95.164,48361,
fastp,gen_n1000000_l53_merged.fq,1000000,53,999912,1000000,-88,634,48314,951052,-0.009,0.063,4.831,95.105,48948,
fastp,gen_n1000000_l54_merged.fq,1000000,54,999922,1000000,-78,604,49572,949824,-0.008,0.06,4.957,94.982,50176,
fastp,gen_n1000000_l55_merged.fq,1000000,55,999914,1000000,-86,622,50871,948507,-0.009,0.062,5.087,94.851,51493,
fastp,gen_n1000000_l56_merged.fq,1000000,56,999916,1000000,-84,578,52043,947379,-0.008,0.058,5.204,94.738,52621,
fastp,gen_n1000000_l57_merged.fq,1000000,57,999900,1000000,-100,596,52779,946625,-0.01,0.06,5.278,94.663,53375,
fastp,gen_n1000000_l58_merged.fq,1000000,58,999915,1000000,-85,611,53992,945397,-0.009,0.061,5.399,94.54,54603,
fastp,gen_n1000000_l59_merged.fq,1000000,59,999905,1000000,-95,612,54466,944922,-0.009,0.061,5.447,94.492,55078,
fastp,gen_n1000000_l5_merged.fq,1000000,5,999925,0,999925,0,0,0,99.992,0.0,0.0,0.0,0,
fastp,gen_n1000000_l60_merged.fq,1000000,60,999917,1000000,-83,623,55612,943765,-0.008,0.062,5.561,94.376,56235,
fastp,gen_n1000000_l61_merged.fq,1000000,61,999918,1000000,-82,600,56058,943342,-0.008,0.06,5.606,94.334,56658,
fastp,gen_n1000000_l62_merged.fq,1000000,62,999910,1000000,-90,614,57578,941808,-0.009,0.061,5.758,94.181,58192,
fastp,gen_n1000000_l63_merged.fq,1000000,63,999911,1000000,-89,598,58724,940678,-0.009,0.06,5.872,94.068,59322,
fastp,gen_n1000000_l64_merged.fq,1000000,64,999922,1000000,-78,666,59824,939510,-0.008,0.067,5.982,93.951,60490,
fastp,gen_n1000000_l65_merged.fq,1000000,65,999920,1000000,-80,604,60948,938448,-0.008,0.06,6.095,93.845,61552,
fastp,gen_n1000000_l66_merged.fq,1000000,66,999904,1000000,-96,675,61763,937562,-0.01,0.068,6.176,93.756,62438,
fastp,gen_n1000000_l67_merged.fq,1000000,67,999925,1000000,-75,581,62817,936602,-0.007,0.058,6.282,93.66,63398,
fastp,gen_n1000000_l68_merged.fq,1000000,68,999915,1000000,-85,575,64009,935416,-0.009,0.057,6.401,93.542,64584,
fastp,gen_n1000000_l69_merged.fq,1000000,69,999916,1000000,-84,578,65067,934355,-0.008,0.058,6.507,93.436,65645,
fastp,gen_n1000000_l6_merged.fq,1000000,6,999916,401,999515,401,0,0,99.952,0.04,0.0,0.0,401,
fastp,gen_n1000000_l70_merged.fq,1000000,70,999901,1000000,-99,557,66202,933241,-0.01,0.056,6.62,93.324,66759,
fastp,gen_n1000000_l71_merged.fq,1000000,71,999895,1000000,-105,577,66941,932482,-0.011,0.058,6.694,93.248,67518,
fastp,gen_n1000000_l72_merged.fq,1000000,72,999909,1000000,-91,640,67879,931481,-0.009,0.064,6.788,93.148,68519,
fastp,gen_n1000000_l73_merged.fq,1000000,73,999926,1000000,-74,580,69229,930191,-0.007,0.058,6.923,93.019,69809,
fastp,gen_n1000000_l74_merged.fq,1000000,74,999914,1000000,-86,630,70046,929324,-0.009,0.063,7.005,92.932,70676,
fastp,gen_n1000000_l75_merged.fq,1000000,75,999929,1000000,-71,598,71590,927812,-0.007,0.06,7.159,92.781,72188,
fastp,gen_n1000000_l76_merged.fq,1000000,76,999914,1000000,-86,627,72600,926773,-0.009,0.063,7.26,92.677,73227,
fastp,gen_n1000000_l77_merged.fq,1000000,77,999902,1000000,-98,632,73179,926189,-0.01,0.063,7.318,92.619,73811,
fastp,gen_n1000000_l78_merged.fq,1000000,78,999918,1000000,-82,593,74927,924480,-0.008,0.059,7.493,92.448,75520,
fastp,gen_n1000000_l79_merged.fq,1000000,79,999921,1000000,-79,554,75592,923854,-0.008,0.055,7.559,92.385,76146,
fastp,gen_n1000000_l7_merged.fq,1000000,7,999912,0,999912,0,0,0,99.991,0.0,0.0,0.0,0,
fastp,gen_n1000000_l80_merged.fq,1000000,80,999907,1000000,-93,590,76943,922467,-0.009,0.059,7.694,92.247,77533,
fastp,gen_n1000000_l81_merged.fq,1000000,81,999923,1000000,-77,588,78141,921271,-0.008,0.059,7.814,92.127,78729,
fastp,gen_n1000000_l82_merged.fq,1000000,82,999924,1000000,-76,600,79490,919910,-0.008,0.06,7.949,91.991,80090,
fastp,gen_n1000000_l83_merged.fq,1000000,83,999923,1000000,-77,593,80385,919022,-0.008,0.059,8.038,91.902,80978,
fastp,gen_n1000000_l84_merged.fq,1000000,84,999906,1000000,-94,594,81414,917992,-0.009,0.059,8.141,91.799,82008,
fastp,gen_n1000000_l85_merged.fq,1000000,85,999916,1000000,-84,585,83636,915779,-0.008,0.059,8.364,91.578,84221,
fastp,gen_n1000000_l86_merged.fq,1000000,86,999921,1000000,-79,597,84013,915390,-0.008,0.06,8.401,91.539,84610,
fastp,gen_n1000000_l87_merged.fq,1000000,87,999935,1000000,-65,633,85458,913909,-0.006,0.063,8.546,91.391,86091,
fastp,gen_n1000000_l88_merged.fq,1000000,88,999924,1000000,-76,575,86504,912921,-0.008,0.057,8.65,91.292,87079,
fastp,gen_n1000000_l89_merged.fq,1000000,89,999911,1000000,-89,621,87311,912068,-0.009,0.062,8.731,91.207,87932,
fastp,gen_n1000000_l8_merged.fq,1000000,8,999921,610,999311,610,0,0,99.931,0.061,0.0,0.0,610,
fastp,gen_n1000000_l90_merged.fq,1000000,90,999923,1000000,-77,550,88648,910802,-0.008,0.055,8.865,91.08,89198,
fastp,gen_n1000000_l91_merged.fq,1000000,91,999915,1000000,-85,556,90109,909335,-0.009,0.056,9.011,90.933,90665,
fastp,gen_n1000000_l92_merged.fq,1000000,92,999916,1000000,-84,605,91520,907875,-0.008,0.06,9.152,90.787,92125,
fastp,gen_n1000000_l93_merged.fq,1000000,93,999908,1000000,-92,573,92867,906560,-0.009,0.057,9.287,90.656,93440,
fastp,gen_n1000000_l94_merged.fq,1000000,94,999916,1000000,-84,574,93816,905610,-0.008,0.057,9.382,90.561,94390,
fastp,gen_n1000000_l95_merged.fq,1000000,95,999918,1000000,-82,551,95320,904129,-0.008,0.055,9.532,90.413,95871,
fastp,gen_n1000000_l96_merged.fq,1000000,96,999915,1000000,-85,578,96455,902967,-0.009,0.058,9.646,90.297,97033,
fastp,gen_n1000000_l97_merged.fq,1000000,97,999915,1000000,-85,585,97313,902102,-0.009,0.059,9.731,90.21,97898,
fastp,gen_n1000000_l98_merged.fq,1000000,98,999919,1000000,-81,595,98857,900548,-0.008,0.06,9.886,90.055,99452,
fastp,gen_n1000000_l99_merged.fq,1000000,99,999915,1000000,-85,608,99694,899698,-0.009,0.061,9.969,89.97,100302,
fastp,gen_n1000000_l9_merged.fq,1000000,9,999911,961,998950,961,0,0,99.895,0.096,0.0,0.0,961,
